[38;2;24;27;34m01011010111100011000101010100001111111101001111100011101001101001110111
[38;2;24;27;34m10001110001111110001101101100100010011101001100000010101010111100001101
[38;2;24;27;34m10110111010011100010010010000011110011011111110110101011000111010110011
[38;2;24;27;34m11011111100110000001011010111010001000001010001101001100111111111111111
[38;2;24;27;34m100101111100011000000[38;2;25;28;34m1[38;2;26;29;35m0[38;2;26;29;36m11111[38;2;26;29;35m01[38;2;24;27;34m11101000100001111000010101100000111100100
[38;2;24;27;34m10100100100111[38;2;25;28;35m00[38;2;26;29;36m10010[38;2;25;29;35m1[38;2;24;27;34m01110011[38;2;25;29;35m0[38;2;26;29;36m1101[38;2;26;29;35m1[38;2;25;28;35m11[38;2;24;27;34m001011111101101011010000111110000
[38;2;24;27;34m11001011010[38;2;25;28;35m0[38;2;26;29;36m10[38;2;25;28;35m00[38;2;24;27;34m1[38;2;27;30;36m0[38;2;25;28;35m0[38;2;24;27;34m11100010110100010[38;2;25;28;35m00[38;2;26;29;36m1[38;2;25;28;35m11[38;2;24;27;34m110110000110000000110011100111
[38;2;24;27;34m101001111[38;2;26;29;36m01[38;2;25;28;35m0[38;2;24;27;34m10[38;2;25;28;35m0[38;2;32;35;41m1[38;2;38;41;47m1[38;2;29;32;38m1[38;2;24;27;34m0101110101000110010001[38;2;25;28;35m0[38;2;27;30;36m1[38;2;26;29;36m0[38;2;24;27;34m1101111001011011101011010001
[38;2;24;27;34m0000111[38;2;27;30;36m0[38;2;26;29;36m0[38;2;25;28;35m0[38;2;24;27;34m100[38;2;37;40;47m0[38;2;50;52;58m1[38;2;38;41;47m0[38;2;25;28;35m0[38;2;24;27;34m001[38;2;25;28;35m0[38;2;57;59;65m0[38;2;49;52;58m1[38;2;37;40;46m0[38;2;29;32;39m1[38;2;25;28;35m1[38;2;24;27;34m1011011111010000[38;2;25;28;35m1[38;2;27;30;36m1[38;2;26;29;36m1[38;2;24;27;34m01110000101001011101010001
[38;2;24;27;34m11001[38;2;25;28;35m1[38;2;27;30;37m1[38;2;25;28;35m1[38;2;24;27;34m11[38;2;25;28;35m0[38;2;37;40;46m0[38;2;66;68;74m0[38;2;48;50;56m0[38;2;27;30;37m0[38;2;24;27;34m011100[38;2;28;31;38m01[38;2;27;30;37m1[38;2;26;29;36m1[38;2;25;28;35m0[38;2;24;27;34m11010100[38;2;25;28;35m0[38;2;26;29;36m0[38;2;29;32;39m1[38;2;31;34;41m0[38;2;30;33;40m1[38;2;24;27;34m01101[38;2;25;28;35m0[38;2;27;30;36m0[38;2;25;28;35m0[38;2;24;27;34m010011010101110010111110
[38;2;24;27;34m0000[38;2;25;28;35m0[38;2;28;31;37m1[38;2;24;27;34m111[38;2;26;29;36m1[38;2;84;86;92m0[38;2;71;74;80m0[38;2;27;29;36m0[38;2;24;27;34m001110100001111000[38;2;35;37;44m0[38;2;74;76;82m0[38;2;105;107;111m1[38;2;134;136;139m0[38;2;128;129;133m1[38;2;196;197;198m0[38;2;237;237;238m0[38;2;199;199;201m1[38;2;31;34;40m0[38;2;24;27;34m100111[38;2;28;30;37m0[38;2;25;28;35m0[38;2;24;27;34m10010010100100111111100
[38;2;24;27;34m1100[38;2;28;31;38m1[38;2;24;27;34m01100[38;2;27;30;37m0[38;2;24;27;34m1000100101010110010[38;2;48;45;52m1[38;2;148;145;148m1[38;2;242;242;243m0[38;2;255;255;255m0[38;2;252;252;252m1[38;2;245;245;245m0[38;2;248;248;248m0[38;2;184;184;186m0[38;2;63;65;71m0[38;2;24;27;34m00010011[38;2;28;32;38m1[38;2;24;27;34m10010100010000101010010
[38;2;24;27;34m001[38;2;27;31;37m0[38;2;25;28;35m0[38;2;24;27;34m0001101000000011010001[38;2;28;28;35m1[38;2;48;35;41m1[38;2;102;52;57m1[38;2;181;76;81m0[38;2;155;70;75m1[38;2;102;86;90m0[38;2;220;220;221m0[38;2;215;216;217m0[38;2;154;155;158m0[38;2;50;52;58m1[38;2;26;29;36m1[38;2;24;27;34m001110101[38;2;25;28;35m0[38;2;27;31;37m1[38;2;24;27;34m1100011100010010011011
[38;2;24;27;34m110[38;2;28;32;38m0[38;2;24;27;34m110100011010111000111[38;2;42;33;39m0[38;2;93;49;55m1[38;2;135;62;66m1[38;2;138;63;67m0[38;2;102;51;57m0[38;2;59;38;44m1[38;2;41;32;39m1[38;2;26;28;35m1[38;2;46;49;56m0[38;2;29;32;39m1[38;2;24;27;34m0100100111111[38;2;28;32;38m0[38;2;24;27;34m0110010001001011001011
[38;2;24;27;34m110[38;2;28;32;38m1[38;2;24;27;34m10110111010011001010[38;2;43;33;39m1[38;2;91;48;53m0[38;2;64;40;46m0[38;2;37;31;38m1[38;2;26;28;35m1[38;2;24;27;34m11000001[38;2;26;29;36m1[38;2;24;27;34m1000111111[38;2;28;32;38m1[38;2;24;27;34m1011110010010100001000
[38;2;24;27;34m010[38;2;28;32;38m1[38;2;24;27;34m111011110110100001100001011100001[38;2;39;42;47m1[38;2;38;41;47m0[38;2;24;27;34m00100111[38;2;25;28;35m1[38;2;27;31;37m0[38;2;24;27;34m1111001010000001100010
[38;2;24;27;34m011[38;2;25;28;35m0[38;2;27;31;37m1[38;2;24;27;34m10101110000001010000111000000101[38;2;81;84;88m1[38;2;32;35;42m1[38;2;24;27;34m00001100[38;2;28;31;38m1[38;2;25;28;34m0[38;2;24;27;34m0101001111011111100110
[38;2;24;27;34m1110[38;2;26;30;36m0[38;2;26;29;36m1[38;2;24;27;34m1000001011011111001010011011100[38;2;25;28;35m1[38;2;24;27;34m10101110[38;2;27;30;36m0[38;2;26;29;36m1[38;2;24;27;34m11011101100111101111011
[38;2;24;27;34m00101[38;2;26;29;35m0[38;2;27;30;37m1[38;2;24;27;34m11001010011111000011010111100001110000[38;2;27;30;37m1[38;2;25;29;35m1[38;2;24;27;34m101111101011111111100011
[38;2;24;27;34m000001[38;2;25;28;35m1[38;2;27;30;36m0[38;2;25;28;35m0[38;2;24;27;34m0001101101111101110011000100100010[38;2;26;29;35m1[38;2;27;30;37m1[38;2;25;28;34m1[38;2;24;27;34m1001001111101011110111011
[38;2;24;27;34m01100001[38;2;25;28;35m0[38;2;26;30;36m0[38;2;25;29;35m1[38;2;24;27;34m11000000000000111110001101001[38;2;24;28;34m0[38;2;26;29;36m01[38;2;25;28;35m0[38;2;24;27;34m110001100000000011101100100
[38;2;24;27;34m1000001011[38;2;25;28;35m0[38;2;26;29;36m101[38;2;24;27;34m110001101110001100111010[38;2;26;29;36m000[38;2;25;28;35m1[38;2;24;27;34m11111001010101101111100010010
[0m
