[38;2;24;27;34m01110000100011110000010010001100010010101001010011011100100111101101000
[38;2;24;27;34m00101000010001100111101010111001010100001111111000111010101100100001110
[38;2;24;27;34m00000001111010111100100001011001110101011110011100111010101111111000001
[38;2;24;27;34m01110010111010110010001011001001011010010000001110001001111100011111001
[38;2;24;27;34m01011010010111000010110000111001100011111110110100001010000000000011011
[38;2;24;27;34m01001000011011111011001111011110001110110100011101000010000011010100000
[38;2;24;27;34m10011101010011100000101110011111110001111110100000110001010001100100101
[38;2;24;27;34m01111110010011010101101001011001001110110000100011011011011100011010011
[38;2;24;27;34m00111011010111100101100001011100001001000111110000111100000101001100001
[38;2;24;27;34m1100011011[38;2;26;28;35m1[38;2;27;30;37m0[38;2;24;27;34m111101[38;2;33;36;43m1[38;2;61;63;69m0[38;2;39;42;48m0[38;2;28;31;38m0[38;2;24;27;34m10111001111100[38;2;25;28;35m11[38;2;24;27;34m010011001000110110100001110111001
[38;2;24;27;34m10000110[38;2;30;33;40m0[38;2;38;41;47m1[38;2;33;35;42m1[38;2;24;27;34m1101000110111110110[38;2;27;30;37m1[38;2;47;50;56m1[38;2;56;58;64m1[38;2;85;87;91m1[38;2;89;92;96m0[38;2;133;134;138m0[38;2;173;173;176m1[38;2;158;159;162m0[38;2;30;33;40m1[38;2;24;27;34m01101000110001011001100100110111
[38;2;24;27;34m111000[38;2;30;33;39m1[38;2;52;54;60m0[38;2;43;46;52m0[38;2;27;30;37m0[38;2;24;27;34m0101000001011011010[38;2;51;54;60m0[38;2;167;168;171m0[38;2;229;230;230m1[38;2;239;239;239m1[38;2;242;242;243m0[38;2;209;210;211m1[38;2;233;234;234m0[38;2;237;237;238m0[38;2;114;116;120m1[38;2;24;27;34m111011001101100011011101101101101
[38;2;24;27;34m010[38;2;25;28;35m1[38;2;33;36;43m1[38;2;60;63;68m1[38;2;59;61;66m0[38;2;29;32;39m1[38;2;24;27;34m1100001100100001111[38;2;29;29;35m0[38;2;53;36;43m1[38;2;140;66;70m1[38;2;130;68;72m0[38;2;147;141;143m1[38;2;236;237;237m1[38;2;251;251;251m1[38;2;231;231;232m0[38;2;121;122;126m1[38;2;43;46;53m0[38;2;24;27;34m0000110000111110111010011101010110
[38;2;24;27;34m100[38;2;54;56;62m0[38;2;89;91;96m1[38;2;35;38;44m0[38;2;24;27;34m111101100001111010[38;2;26;28;34m1[38;2;51;35;42m0[38;2;104;52;57m1[38;2;146;65;70m0[38;2;148;66;71m1[38;2;108;53;59m0[38;2;81;45;51m1[38;2;43;34;40m1[38;2;100;102;106m0[38;2;88;91;95m1[38;2;50;52;58m0[38;2;25;28;35m0[38;2;24;27;34m00010000111001001010101001010110100
[38;2;24;27;34m010[38;2;25;28;35m00[38;2;24;27;34m00110101000001101[38;2;34;30;37m0[38;2;87;47;53m1[38;2;125;59;64m1[38;2;114;55;61m1[38;2;76;43;50m0[38;2;40;32;39m0[38;2;27;28;35m0[38;2;24;27;34m110110100011001001110101111000011001111100
[38;2;24;27;34m0010101010010011010011[38;2;50;35;42m1[38;2;43;33;39m0[38;2;25;27;34m0[38;2;24;27;34m0001110001100001110011001101011010110100100010
[38;2;24;27;34m11100011100010101001110010010100100[38;2;44;47;52m0[38;2;24;27;34m00101101001001011110101011010011110
[38;2;24;27;34m1110010101101101101100001110010111[38;2;29;33;39m0[38;2;64;67;72m1[38;2;24;27;34m00111000101001110010111101001110010
[38;2;24;27;34m01010001010100101110100011010111010001010100001000001000100001010001100
[38;2;24;27;34m00110100101100101100000011101110001110011000000000000111011100110000001
[38;2;24;27;34m10011001110000111110110111110010010011010000000101111101110000110000011
[38;2;24;27;34m00101111100011000101110111010100111000110100011010010111011111010010001
[0m
