[38;2;24;27;34m01111101000111100111000101000110011111101001100111101000000110111011001
[38;2;24;27;34m10001110110110110110101001100010111100100000100010000111100100010010111
[38;2;24;27;34m10100001011101010100101101110011110011100111101100101010011101111000011
[38;2;24;27;34m01010110001010000110110101110010100001000111100010110111101101101011101
[38;2;24;27;34m01000111011011000000101000110101010100100000010100000010000000001010101
[38;2;24;27;34m11010010100100110101110100101111001010010010100001101111111001100010101
[38;2;24;27;34m11010011110101111100100110001111101100000010000101101011011110111001000
[38;2;24;27;34m10111111011101100100010000110011100100110111001000100011001011101001101
[38;2;24;27;34m11100110100010101011011001001110110100110001010110010001101100101010010
[38;2;24;27;34m11100001010110100000110110111001001100100000010100101111010101010000100
[38;2;24;27;34m1010111110110001111110000101110[38;2;26;28;34m0[38;2;28;28;35m0[38;2;27;28;35m0[38;2;25;27;34m1[38;2;24;27;34m100110110001100011110101011000000100
[38;2;24;27;34m11011010110000100101110011010[38;2;37;40;47m1[38;2;64;66;72m1[38;2;79;81;86m1[38;2;81;83;88m1[38;2;50;50;56m0[38;2;32;30;37m1[38;2;28;29;35m0[38;2;24;27;34m01101010010001111100110010001101111
[38;2;24;27;34m011010010010101111001001[38;2;30;33;40m0[38;2;105;107;112m0[38;2;188;189;190m0[38;2;192;193;195m0[38;2;208;208;210m1[38;2;215;216;217m0[38;2;176;177;179m0[38;2;210;211;212m0[38;2;232;232;233m0[38;2;69;70;76m1[38;2;25;27;34m1[38;2;32;30;37m1[38;2;24;27;34m01101001000111001000100110001010100
[38;2;24;27;34m111011101100001010101111[38;2;59;46;52m1[38;2;148;113;117m0[38;2;166;166;168m1[38;2;249;249;249m1[38;2;255;255;255m0[38;2;249;249;250m0[38;2;213;213;215m1[38;2;148;150;152m0[38;2;61;64;69m1[38;2;24;27;34m00[38;2;25;27;34m1[38;2;24;27;34m10000100100010101100001001001010011
[38;2;24;27;34m10110110110001010010[38;2;25;27;34m0[38;2;32;30;37m1[38;2;72;42;48m0[38;2;127;59;64m0[38;2;174;74;79m1[38;2;158;69;74m1[38;2;100;55;60m1[38;2;93;95;100m1[38;2;230;230;231m1[38;2;194;195;197m0[38;2;112;114;118m0[38;2;25;28;35m0[38;2;24;27;34m011001010110001010011100101000100111100
[38;2;24;27;34m00111101111001111[38;2;25;27;34m1[38;2;41;32;39m1[38;2;80;45;51m0[38;2;128;60;64m0[38;2;153;68;72m1[38;2;127;59;64m1[38;2;76;43;49m0[38;2;34;30;37m0[38;2;24;27;34m10[38;2;25;27;34m1[38;2;27;30;37m1[38;2;24;27;34m110111011111000101100011011001010010110011
[38;2;24;27;34m010001111111000[38;2;34;30;37m1[38;2;86;46;52m0[38;2;135;62;66m0[38;2;134;62;67m0[38;2;102;51;57m0[38;2;58;38;44m1[38;2;32;29;36m0[38;2;24;27;34m1101000101011001000101110100000001100110001000011
[38;2;24;27;34m10000000110[38;2;27;28;35m0[38;2;45;34;40m1[38;2;84;46;51m1[38;2;120;57;62m0[38;2;125;59;64m1[38;2;79;44;50m1[38;2;34;30;37m0[38;2;25;27;34m0[38;2;24;27;34m0111110100000011010101100101001110001111111101000100
[38;2;24;27;34m00001111[38;2;25;27;34m1[38;2;46;34;40m0[38;2;84;46;52m1[38;2;102;52;57m1[38;2;93;49;55m0[38;2;63;39;45m1[38;2;32;29;36m0[38;2;24;27;34m11111101011010011110010101100110111010111001111100011001
[38;2;24;27;34m10100[38;2;27;28;35m0[38;2;40;32;39m1[38;2;73;43;48m0[38;2;85;46;52m0[38;2;72;42;48m0[38;2;40;32;39m1[38;2;28;28;35m0[38;2;24;27;34m10100000000011011000100110010110100111011011110101011101111
[38;2;24;27;34m101[38;2;31;29;36m1[38;2;48;34;41m0[38;2;57;37;43m0[38;2;54;37;42m0[38;2;28;28;35m1[38;2;24;27;34m000010011010100110110100100000100101000000000010110001001111001
[38;2;24;27;34m011[38;2;28;28;35m0[38;2;27;28;35m0[38;2;24;27;34m110001110001001011111111100111001001011011011100001000010000011000
[0m
