[38;2;24;27;34m00101110110101000111100101110000100010010101010101001010001000001000110
[38;2;24;27;34m01100101110111000000010001010111001000110111000010000100000010001100100
[38;2;24;27;34m01110100110000001001011001110010010101000101101010011110101111100101111
[38;2;24;27;34m01111000100010000011110111000100111100000110110100100111111010111100001
[38;2;24;27;34m00000110111100110010110000110001101000011000110000110100110101110100101
[38;2;24;27;34m11110110000001100101000111001101000001000010010101101101100011001100110
[38;2;24;27;34m01011001010111011110001110011000111101101100100000100000010010001001110
[38;2;24;27;34m11101110000001001010110100100001011000000001011010110010000011011110101
[38;2;24;27;34m10110100111110100011110001000001111010000000011001110011100011000010110
[38;2;24;27;34m01100111111001011001001101011010001110011100101001011010100011001010100
[38;2;24;27;34m0111011010000111010100001100000[38;2;25;27;34m0[38;2;26;28;35m0[38;2;25;28;34m1[38;2;24;27;34m1110000011000000010110111101010110101
[38;2;24;27;34m00110011011001011110010010101[38;2;35;38;45m1[38;2;59;62;67m0[38;2;74;76;82m1[38;2;75;77;83m0[38;2;40;41;47m1[38;2;29;29;35m1[38;2;26;28;34m1[38;2;24;27;34m11000110100110000011001101100110101
[38;2;24;27;34m000000111010110111110100[38;2;33;36;43m1[38;2;109;111;116m0[38;2;184;185;187m1[38;2;182;183;185m1[38;2;206;207;208m0[38;2;208;210;211m1[38;2;179;179;181m1[38;2;218;219;219m0[38;2;227;227;228m1[38;2;56;59;64m0[38;2;25;27;34m1[38;2;29;30;35m1[38;2;24;27;34m00001111111010101100001011010111101
[38;2;24;27;34m010011101011001001000101[38;2;70;54;60m0[38;2;148;119;122m0[38;2;184;184;186m0[38;2;252;252;252m1[38;2;255;255;255m0[38;2;245;246;246m1[38;2;208;209;210m1[38;2;147;148;151m1[38;2;57;60;65m1[38;2;24;27;34m10[38;2;25;27;34m0[38;2;24;27;34m10000101011101110110100111111011000
[38;2;24;27;34m01001000110111010011[38;2;25;27;34m0[38;2;32;30;37m1[38;2;72;42;48m0[38;2;127;59;64m0[38;2;176;75;79m0[38;2;159;70;75m1[38;2;92;55;60m1[38;2;112;113;117m1[38;2;234;234;235m0[38;2;196;197;199m0[38;2;102;104;109m0[38;2;25;28;35m0[38;2;24;27;34m000111000001110011011010010001000000000
[38;2;24;27;34m00011011110100111[38;2;25;27;34m0[38;2;41;32;39m0[38;2;80;45;51m1[38;2;129;60;64m1[38;2;153;68;73m1[38;2;127;59;65m1[38;2;76;43;49m0[38;2;34;30;37m1[38;2;24;27;34m11[38;2;25;28;35m1[38;2;29;31;38m0[38;2;24;27;34m001000101100101111111010100000100010100100
[38;2;24;27;34m000000011011110[38;2;34;30;37m0[38;2;88;47;53m0[38;2;137;62;67m1[38;2;137;63;67m0[38;2;102;51;57m1[38;2;59;38;44m1[38;2;32;30;36m0[38;2;24;27;34m0100010110011010101001010101110100111110101001111
[38;2;24;27;34m00100001100[38;2;27;28;35m0[38;2;47;34;41m0[38;2;85;46;52m0[38;2;123;58;64m1[38;2;127;60;64m1[38;2;80;45;50m0[38;2;35;30;37m1[38;2;25;27;34m0[38;2;24;27;34m0011010001001010010101111010000010111000000110000101
[38;2;24;27;34m01010000[38;2;25;27;34m0[38;2;48;34;41m1[38;2;89;47;53m1[38;2;106;53;58m1[38;2;97;50;56m1[38;2;64;40;46m1[38;2;32;30;36m1[38;2;24;27;34m01000101111011000101100111000101000110111010100000101110
[38;2;24;27;34m00100[38;2;28;28;35m0[38;2;43;33;39m0[38;2;80;45;51m0[38;2;92;49;54m0[38;2;75;43;49m1[38;2;42;33;39m1[38;2;28;28;35m1[38;2;24;27;34m00110100101001110001011010100101101001000010011100001010101
[38;2;24;27;34m10[38;2;27;28;35m0[38;2;42;32;39m0[38;2;58;38;44m0[38;2;66;40;46m0[38;2;60;38;44m0[38;2;30;29;35m0[38;2;24;27;34m110101100010011110110100101111001001000001001011100011101100100
[38;2;24;27;34m0[38;2;30;29;35m1[38;2;41;32;39m0[38;2;36;31;37m1[38;2;28;28;35m1[38;2;24;27;34m010110100111100011001011111101000011101000100100110010011010100000
[0m
