[38;2;24;27;34m10010110111000011001101100001010011110101101001001001100000111101011110
[38;2;24;27;34m10011101100010010111011111100101001011100000000101010001101010011101010
[38;2;24;27;34m00111110101111010001000100011101101001010011010001000110010000100010110
[38;2;24;27;34m00000010010110011011111011100100110011011100011100000110010101010001110
[38;2;24;27;34m10111010101111001101100011110010000110011100010111101001100011010011100
[38;2;24;27;34m00001000000101111000101101010000011101111001101111010000101110100100010
[38;2;24;27;34m11100001000001001111111111001111001000001101110011100010101110110100111
[38;2;24;27;34m11010111010111001010010100001110111101100110100100111000010000100100001
[38;2;24;27;34m01110000000111111000000111001010100110010100011001011011010011110101100
[38;2;24;27;34m11100000110101011010011111000001011000001011101101101110001111000110101
[38;2;24;27;34m1000100011110011011101101110001[38;2;25;27;34m1[38;2;25;28;35m0[38;2;24;27;34m11010100111000011010111111100100000110
[38;2;24;27;34m10111110101000100100110000110[38;2;35;37;44m1[38;2;58;60;66m1[38;2;73;75;80m1[38;2;73;75;81m0[38;2;36;39;45m0[38;2;26;28;35m0[38;2;24;27;34m000001000010100100111011111111011011
[38;2;24;27;34m110010010101111011110110[38;2;34;37;44m1[38;2;110;112;117m0[38;2;182;183;185m0[38;2;180;181;183m0[38;2;206;207;208m1[38;2;206;206;208m0[38;2;178;179;181m1[38;2;221;221;222m0[38;2;225;225;226m0[38;2;53;55;62m1[38;2;24;27;34m1[38;2;27;28;35m1[38;2;24;27;34m11000101010100101011100000011001101
[38;2;24;27;34m101101110001100010101010[38;2;72;57;62m1[38;2;148;120;124m0[38;2;190;191;192m0[38;2;253;253;253m1[38;2;255;255;255m0[38;2;244;244;244m0[38;2;206;207;208m0[38;2;146;148;151m0[38;2;56;58;64m0[38;2;24;27;34m00101000100001110110010100011001110011
[38;2;24;27;34m01110111100010011010[38;2;25;27;34m1[38;2;32;30;37m0[38;2;72;42;48m0[38;2;128;59;64m0[38;2;176;75;79m0[38;2;158;69;74m1[38;2;90;54;60m1[38;2;119;120;124m1[38;2;235;235;236m1[38;2;197;198;199m1[38;2;99;101;105m0[38;2;25;28;35m0[38;2;24;27;34m011001100001011110111011001111011011010
[38;2;24;27;34m01101111101011000[38;2;25;27;34m1[38;2;41;32;39m0[38;2;82;45;51m1[38;2;130;60;65m1[38;2;154;68;72m0[38;2;128;59;64m0[38;2;76;43;49m0[38;2;34;30;37m1[38;2;24;27;34m01[38;2;26;29;36m0[38;2;29;32;39m1[38;2;24;27;34m010010111101110100011101010001000000011010
[38;2;24;27;34m011010101110100[38;2;35;30;37m0[38;2;88;47;53m1[38;2;139;63;67m1[38;2;137;63;68m1[38;2;103;52;58m0[38;2;59;38;44m0[38;2;32;30;36m0[38;2;24;27;34m1101000101100011101000100001111000100011010110110
[38;2;24;27;34m10000010011[38;2;27;28;35m1[38;2;47;34;41m0[38;2;88;47;53m0[38;2;125;59;64m1[38;2;128;60;65m1[38;2;81;45;51m1[38;2;35;30;37m0[38;2;25;27;34m1[38;2;24;27;34m0100011110110110010010100101100001010000100101110001
[38;2;24;27;34m01001011[38;2;25;27;34m0[38;2;50;35;41m0[38;2;91;48;54m0[38;2;109;54;59m0[38;2;100;51;57m1[38;2;65;40;46m0[38;2;33;30;37m0[38;2;24;27;34m11010101111101100111111110000100100100001000000010011100
[38;2;24;27;34m11001[38;2;29;28;35m1[38;2;46;34;40m1[38;2;84;46;52m1[38;2;97;50;56m1[38;2;78;44;50m0[38;2;43;33;39m1[38;2;28;28;35m1[38;2;24;27;34m00000011010111000111011001010001110100011111010010101011101
[38;2;24;27;34m10[38;2;29;28;35m1[38;2;48;34;40m1[38;2;64;40;46m0[38;2;73;43;48m0[38;2;63;39;46m0[38;2;31;29;36m0[38;2;24;27;34m011110011010111101101010110100111110101111010100010011111011111
[38;2;35;30;37m1[38;2;48;34;41m1[38;2;51;35;41m0[38;2;41;32;39m0[38;2;29;29;35m0[38;2;24;27;34m011010100011010100111100101101100010111000010100101101001010011001
[0m
