[38;2;24;27;34m01000001011001001111111100100110011111101001001110011111100100100001101
[38;2;24;27;34m00000011010011101110110010100000101000100111100100010011011000011100110
[38;2;24;27;34m11000110001000000001101011101100111000101001001000110011101101101001011
[38;2;24;27;34m01100111111010110110111001010100111101110001100011101111011000100011110
[38;2;24;27;34m11001100011111110111111010011111000011110000111011100110111110001011000
[38;2;24;27;34m11010010110110110001011011110101100100011000100111000111101011000111011
[38;2;24;27;34m01111100001010110011010100101110101000110100011100101100010001010110001
[38;2;24;27;34m00011010111101010110010100111111010110101110111110110101110010011001101
[38;2;24;27;34m11100111110110101100001001001011101100111000110011100001110101011000011
[38;2;24;27;34m11001110111100001011010110011000001000010011011000100100000001110011100
[38;2;24;27;34m11100010001000100110011100000111110101010100101111001100001001110101011
[38;2;24;27;34m01110101110010010101001010001[38;2;35;38;45m0[38;2;59;62;67m1[38;2;74;76;82m0[38;2;75;77;82m1[38;2;37;40;47m0[38;2;24;27;34m1011100011011101100111001100100110010
[38;2;24;27;34m001010010010001010010100[38;2;33;36;43m0[38;2;109;111;116m1[38;2;184;185;187m1[38;2;182;183;185m0[38;2;206;207;208m1[38;2;208;209;210m1[38;2;178;180;182m1[38;2;219;219;220m0[38;2;226;227;228m0[38;2;56;59;64m0[38;2;24;27;34m1000001101110111011011110011011111101
[38;2;24;27;34m110111110111011011011010[38;2;70;54;60m1[38;2;147;119;122m0[38;2;185;185;187m0[38;2;252;252;252m0[38;2;255;255;255m1[38;2;245;245;246m0[38;2;208;209;209m0[38;2;147;148;151m0[38;2;57;59;65m1[38;2;24;27;34m01100100110000010101000000000011010110
[38;2;24;27;34m11000100011001100010[38;2;25;27;34m0[38;2;33;30;37m1[38;2;72;42;48m0[38;2;127;59;65m0[38;2;175;75;79m0[38;2;159;70;74m0[38;2;91;54;60m1[38;2;112;113;118m1[38;2;234;234;235m1[38;2;196;197;199m1[38;2;102;104;108m1[38;2;25;28;35m0[38;2;24;27;34m001010101010100010100100010010100011101
[38;2;24;27;34m01010110001001100[38;2;25;27;34m0[38;2;42;33;39m1[38;2;83;45;51m0[38;2;134;61;66m1[38;2;157;69;73m0[38;2;129;60;65m1[38;2;77;44;50m0[38;2;34;30;37m0[38;2;24;27;34m00[38;2;25;28;35m1[38;2;29;31;38m1[38;2;24;27;34m101110101001101101000010001111000110111110
[38;2;24;27;34m001101010101010[38;2;35;30;37m0[38;2;88;47;53m0[38;2;141;63;68m1[38;2;139;63;68m0[38;2;106;53;58m1[38;2;60;39;45m1[38;2;33;30;37m1[38;2;24;27;34m1000010110000111111010111011110011111101100001010
[38;2;24;27;34m00100011001[38;2;27;28;35m1[38;2;47;34;41m0[38;2;87;47;53m0[38;2;124;58;64m1[38;2;128;60;64m1[38;2;81;45;51m1[38;2;35;30;37m0[38;2;25;27;34m0[38;2;24;27;34m1000101010110010110001000010111100001101011101110101
[38;2;24;27;34m01011011[38;2;25;27;34m0[38;2;49;35;41m0[38;2;89;47;53m0[38;2;106;53;58m0[38;2;97;50;56m1[38;2;64;40;46m0[38;2;33;30;36m0[38;2;24;27;34m00011001111011000010110100100110001000110110011110101111
[38;2;24;27;34m00000[38;2;28;28;35m0[38;2;44;33;40m1[38;2;80;45;51m0[38;2;92;49;54m0[38;2;76;43;49m1[38;2;42;33;39m1[38;2;28;28;35m1[38;2;24;27;34m00011101101100000111010000110110111010001101111111011100011
[38;2;24;27;34m11[38;2;29;28;35m0[38;2;46;34;40m1[38;2;62;39;45m0[38;2;69;41;47m1[38;2;60;38;45m0[38;2;30;29;36m0[38;2;24;27;34m011000111000111001000110100100111100101111111110101111001100100
[38;2;39;32;38m0[38;2;47;34;41m0[38;2;50;35;41m0[38;2;40;32;38m1[38;2;29;28;35m1[38;2;24;27;34m010000001000000100001100011100100001100001100110101111100010010110
[0m
