[38;2;24;27;34m10101111000111011010101000010001001101110100001011001011111011001000101
[38;2;24;27;34m01111011111101001111100011011110010001001001010010010011011011101001101
[38;2;24;27;34m11001010010011000011111110101010010001001111101000011100111100110000111
[38;2;24;27;34m00100001001001011000100101011000111111110101110001001001110010111111110
[38;2;24;27;34m10110011010110010100111001001111011110011111100001110111001000010110101
[38;2;24;27;34m00101011010110110110000111110000101010011010100010000011101100110000110
[38;2;24;27;34m11100110011100101011100110111110010000101100011011101111111100111100110
[38;2;24;27;34m01010100001010111111110000100000011100001101011110001110011011111110001
[38;2;24;27;34m11010000110100100100100101001000010110110100110011101100011100000001101
[38;2;24;27;34m10010100000000110101000100101101001101001011010100101001101111101000110
[38;2;24;27;34m1000010110011101001011011000010[38;2;25;27;34m1[38;2;26;28;34m0[38;2;26;28;35m1[38;2;25;27;34m1[38;2;24;27;34m100000111101100111000100000101000001
[38;2;24;27;34m10101111111111100010001100110[38;2;40;43;49m1[38;2;69;72;77m1[38;2;84;86;91m0[38;2;87;89;93m1[38;2;59;60;66m1[38;2;29;29;35m1[38;2;27;29;35m0[38;2;24;27;34m01110010001100111011000001111011011
[38;2;24;27;34m010110010001111101011000[38;2;28;31;37m1[38;2;99;101;105m0[38;2;190;191;192m1[38;2;203;204;205m0[38;2;210;211;212m1[38;2;224;224;225m1[38;2;172;173;175m0[38;2;197;197;199m0[38;2;236;237;237m0[38;2;85;86;91m1[38;2;24;27;34m0[38;2;29;29;35m0[38;2;25;28;34m0[38;2;24;27;34m1110010001111000011010011010111110
[38;2;24;27;34m110111111010101101010111[38;2;50;39;46m1[38;2;148;107;111m1[38;2;147;144;147m1[38;2;243;243;243m0[38;2;255;255;255m0[38;2;252;252;252m0[38;2;221;221;222m1[38;2;149;151;154m1[38;2;66;68;74m1[38;2;24;27;34m00000110001010111110000101101000001011
[38;2;24;27;34m00011011001001000001[38;2;25;27;34m1[38;2;33;30;37m0[38;2;72;42;48m0[38;2;127;59;64m0[38;2;171;73;78m1[38;2;154;68;73m1[38;2;107;55;60m0[38;2;72;72;77m0[38;2;223;224;225m1[38;2;191;192;194m1[38;2;120;121;126m1[38;2;25;28;35m1[38;2;24;27;34m011011110100011011101111000000111101110
[38;2;24;27;34m01101010011100011[38;2;25;27;34m0[38;2;43;33;39m1[38;2;83;45;51m1[38;2;132;61;66m0[38;2;155;68;73m1[38;2;128;59;65m1[38;2;76;43;49m0[38;2;34;30;37m1[38;2;24;27;34m010[38;2;26;29;36m0[38;2;24;27;34m001110001101101000001010101010000001100001
[38;2;24;27;34m010001000101011[38;2;39;31;38m0[38;2;94;49;55m0[38;2;145;65;69m0[38;2;142;64;69m1[38;2;107;53;59m0[38;2;60;39;45m1[38;2;33;30;36m1[38;2;24;27;34m0111110011100011011000011101101101110001110000001
[38;2;24;27;34m01111111000[38;2;28;28;35m0[38;2;49;35;41m0[38;2;92;48;54m1[38;2;131;61;66m0[38;2;135;62;67m0[38;2;87;47;52m0[38;2;37;31;38m1[38;2;25;27;34m0[38;2;24;27;34m0111101100101010101101110111110100010011011000111110
[38;2;24;27;34m10110111[38;2;26;28;34m0[38;2;52;36;42m0[38;2;96;49;55m1[38;2;114;55;61m1[38;2;103;52;58m1[38;2;68;41;47m0[38;2;35;30;37m0[38;2;24;27;34m10000110101100000111011110011111110110110110110110011011
[38;2;24;27;34m00010[38;2;29;29;36m0[38;2;48;34;41m0[38;2;89;48;53m0[38;2;102;52;57m1[38;2;81;45;51m0[38;2;45;34;40m1[38;2;29;29;35m1[38;2;24;27;34m10010111011101111000001000001001010111001100011111001111111
[38;2;24;27;34m11[38;2;30;29;36m0[38;2;51;35;42m0[38;2;70;41;47m0[38;2;79;44;50m0[38;2;66;40;46m1[38;2;32;30;36m1[38;2;24;27;34m101001000111111101110111000011001000000111011111110011011111001
[38;2;48;34;41m1[38;2;58;37;43m00[38;2;43;33;39m0[38;2;30;29;36m0[38;2;24;27;34m011001110110100001000001010001101001011110101100110000010001110000
[0m
