[38;2;24;27;34m00011100011010111100000100000111100100011010100101110010010010101010101
[38;2;24;27;34m11111011100011111100111110010011011011111110011100110111111001101111010
[38;2;24;27;34m00100111111111001000011001000111001110011101000111100011110011100001101
[38;2;24;27;34m00010101111110100000001011111001001100111001110001100111101101110000101
[38;2;24;27;34m10010111100110100010110100011000100101100001001011110001011000101110101
[38;2;24;27;34m11010111001100110000111110001100000110001010001100000111000011111000000
[38;2;24;27;34m11001011111110110101111001010000101011000001111101000111100111001101111
[38;2;24;27;34m01100000110010000000011010100000010011000111100111001001010100001011100
[38;2;24;27;34m01011110000101000001111101111001001010111101100101100010010000001000011
[38;2;24;27;34m00011001100010100101110000001011000001000011110000010100101110000000000
[38;2;24;27;34m0101001010001101101111101000100[38;2;27;28;35m0[38;2;31;29;36m1[38;2;31;30;36m0[38;2;27;28;35m1[38;2;24;27;34m100100101100010001011001001110000011
[38;2;24;27;34m00101001001010110111011110100[38;2;42;44;51m0[38;2;73;75;81m1[38;2;89;90;96m0[38;2;94;96;101m1[38;2;68;68;74m0[38;2;37;33;39m1[38;2;36;32;38m1[38;2;24;27;34m10101101000101000000010111100000100
[38;2;24;27;34m101011011111000111100100[38;2;27;30;37m1[38;2;93;96;100m1[38;2;190;190;192m1[38;2;209;209;211m1[38;2;213;213;214m0[38;2;231;232;232m1[38;2;171;172;175m1[38;2;187;188;190m0[38;2;240;240;240m0[38;2;97;99;104m1[38;2;24;27;34m0[38;2;35;31;38m1[38;2;29;28;35m1[38;2;24;27;34m1010101111010010110101110010110000
[38;2;24;27;34m000010011011100100001001[38;2;45;37;43m0[38;2;145;100;104m1[38;2;139;131;134m0[38;2;236;236;236m1[38;2;254;254;254m11[38;2;229;229;230m0[38;2;154;155;158m1[38;2;70;73;78m0[38;2;24;27;34m00[38;2;25;27;34m10[38;2;24;27;34m1110100001011100111111101101011010
[38;2;24;27;34m11101100000011011010[38;2;25;27;34m0[38;2;32;30;37m0[38;2;71;42;48m1[38;2;126;59;65m1[38;2;170;73;77m1[38;2;152;68;72m0[38;2;112;56;61m1[38;2;56;54;59m1[38;2;214;214;215m1[38;2;189;190;192m0[38;2;125;126;130m1[38;2;27;30;37m1[38;2;24;27;34m101010111010001110101111000010001101111
[38;2;24;27;34m01101011000010001[38;2;25;27;34m1[38;2;43;33;39m0[38;2;82;45;51m0[38;2;132;61;66m1[38;2;155;68;73m0[38;2;128;59;64m0[38;2;76;43;50m1[38;2;34;30;37m0[38;2;24;27;34m011[38;2;25;28;35m0[38;2;24;27;34m010110011011101010110011000000110000000011
[38;2;24;27;34m101000100001101[38;2;38;31;38m0[38;2;92;48;54m0[38;2;143;64;69m0[38;2;142;64;68m1[38;2;106;53;58m1[38;2;60;39;45m0[38;2;33;30;36m1[38;2;24;27;34m1111111000010111010001000011010101001100101010111
[38;2;24;27;34m00100110010[38;2;29;29;35m1[38;2;53;36;42m0[38;2;97;50;56m0[38;2;134;62;67m1[38;2;136;62;67m1[38;2;86;47;52m1[38;2;37;31;38m1[38;2;25;27;34m0[38;2;24;27;34m1100110010011010000010000111011000001110111010001110
[38;2;24;27;34m10110011[38;2;26;28;35m1[38;2;56;37;43m0[38;2;103;51;56m0[38;2;122;58;63m1[38;2;111;54;60m1[38;2;72;42;48m1[38;2;36;31;38m1[38;2;24;27;34m00110110110011100101110011011000011000000111000000000001
[38;2;24;27;34m10001[38;2;30;29;36m1[38;2;53;36;42m1[38;2;96;50;55m0[38;2;111;55;60m0[38;2;88;47;53m1[38;2;48;34;41m1[38;2;30;29;36m0[38;2;24;27;34m01001111111010101100100001110001100010100111101100010010101
[38;2;24;27;34m00[38;2;32;29;36m0[38;2;56;37;44m0[38;2;79;44;50m0[38;2;87;47;52m0[38;2;71;42;47m0[38;2;34;30;37m1[38;2;24;27;34m110111111010011110100110010111001111111100011000110010111001101
[38;2;56;37;43m0[38;2;66;40;46m00[38;2;47;35;41m0[38;2;31;29;36m1[38;2;24;27;34m000010010000010000010000001000100011010010000110110010100010110110
[0m
