[38;2;24;27;34m01011001100000100110001000010000000011001111110001100101001000010111010
[38;2;24;27;34m11101001100011010000110110010010000001110011101110101111001001011101010
[38;2;24;27;34m10111110110010100101110100101000010000111100001010011100001110100101100
[38;2;24;27;34m11100000101110101111110011100000100100101111010111001110011010011010111
[38;2;24;27;34m01100110000001111100011001101100100101010101001001111100100011010100001
[38;2;24;27;34m01111011111010110110101101110000010100010110000111111100100110100000111
[38;2;24;27;34m10110100001110100100111011011010000000111010111101000100000000110110111
[38;2;24;27;34m01000000000010000110001011111101001110011011101100110001110101111011010
[38;2;24;27;34m01101000111010000010000001000011110110111100001000100001011110111001100
[38;2;24;27;34m11111111100001111011000101111111110101000110110000001011111110000110110
[38;2;24;27;34m1101110111111010010100010000111[38;2;28;28;35m1[38;2;32;30;37m10[38;2;27;28;35m1[38;2;24;27;34m001001101111001010010000111000011010
[38;2;24;27;34m10000001000100001111101011010[38;2;42;44;51m1[38;2;72;75;80m0[38;2;88;90;95m1[38;2;94;96;100m0[38;2;68;68;73m0[38;2;39;33;39m1[38;2;37;32;38m0[38;2;24;27;34m11011110010000100001010111011101110
[38;2;24;27;34m110110011110011101010111[38;2;27;30;37m0[38;2;94;96;101m1[38;2;190;191;192m1[38;2;209;209;211m0[38;2;213;213;214m0[38;2;231;231;232m1[38;2;172;173;175m1[38;2;187;188;190m0[38;2;239;240;240m0[38;2;96;98;102m0[38;2;24;27;34m0[38;2;37;32;39m1[38;2;30;29;36m1[38;2;24;27;34m0101101101011001111000110110001111
[38;2;24;27;34m100001011011100010101000[38;2;45;37;43m0[38;2;146;101;104m0[38;2;139;133;136m1[38;2;236;236;237m1[38;2;254;254;255m0[38;2;254;254;254m1[38;2;228;229;229m1[38;2;153;154;157m1[38;2;70;72;78m0[38;2;24;27;34m00[38;2;25;27;34m11[38;2;24;27;34m1111000000011110011100000101001001
[38;2;24;27;34m11100101101101100111[38;2;25;27;34m0[38;2;32;30;37m0[38;2;71;42;48m1[38;2;126;59;64m0[38;2;170;73;77m1[38;2;152;68;72m1[38;2;112;56;61m0[38;2;57;55;60m0[38;2;214;215;216m1[38;2;189;190;192m0[38;2;124;126;130m1[38;2;27;30;36m1[38;2;24;27;34m111001001101111001010001101011100111000
[38;2;24;27;34m11001011101111010[38;2;25;27;34m1[38;2;42;33;39m0[38;2;82;45;51m0[38;2;132;60;66m0[38;2;155;68;73m0[38;2;128;59;64m0[38;2;76;43;49m0[38;2;34;30;37m0[38;2;24;27;34m011[38;2;25;28;35m0[38;2;24;27;34m110110011100011001100111101001001110010010
[38;2;24;27;34m001001000100011[38;2;38;31;38m0[38;2;91;48;54m1[38;2;143;64;69m0[38;2;141;64;68m0[38;2;105;53;58m0[38;2;60;39;45m1[38;2;33;30;36m1[38;2;24;27;34m1111111010001000110000101100110111110011001100101
[38;2;24;27;34m10111000010[38;2;29;29;35m1[38;2;52;36;42m1[38;2;95;49;55m1[38;2;134;62;67m1[38;2;136;62;67m0[38;2;86;47;52m0[38;2;37;31;38m0[38;2;25;27;34m1[38;2;24;27;34m0010000001011111110010101110000101010011111110110011
[38;2;24;27;34m00000010[38;2;27;28;35m0[38;2;60;38;44m1[38;2;106;53;58m0[38;2;123;58;63m1[38;2;111;54;59m1[38;2;70;41;47m0[38;2;36;31;37m1[38;2;24;27;34m10111001011000110000101110100010110110011101111111101000
[38;2;24;27;34m00010[38;2;31;29;36m1[38;2;58;37;44m0[38;2;103;51;58m1[38;2;119;57;62m0[38;2;93;49;54m0[38;2;52;35;42m0[38;2;30;29;36m0[38;2;24;27;34m11100000010110111100110011101110100011010101001011000010101
[38;2;24;27;34m00[38;2;34;30;37m0[38;2;61;39;45m1[38;2;88;48;53m0[38;2;97;50;55m1[38;2;76;43;49m0[38;2;36;31;38m0[38;2;24;27;34m001111100000010010100101000111010111100011011100101111011010000
[38;2;62;39;44m1[38;2;76;43;49m0[38;2;73;43;49m1[38;2;52;36;42m0[38;2;33;30;37m0[38;2;24;27;34m101110110001101100111010000011111100110010110011101001111110101000
[0m
