[38;2;24;27;34m00110100011111001111010001101000111000011010000111000100100000111011000
[38;2;24;27;34m00001110100010101111101000000010010011001010010111011100000111010011000
[38;2;24;27;34m01110110111010101011010000011110010100001001001100001011101111000100110
[38;2;24;27;34m10001110111101100011000111111101010100111100011011001001010000111010111
[38;2;24;27;34m01000101001100000100011110101110001100101111000011001111100011011111000
[38;2;24;27;34m00000110111000001100000111111011001010010010100101100011111010101110111
[38;2;24;27;34m11111000011001011010110011001100010001011110000000110111111100111000010
[38;2;24;27;34m10001111001011000010001100000001011000110110000011001001001000100010011
[38;2;24;27;34m01110100000000000001001101010001101000100001100000000111101100000100010
[38;2;24;27;34m10110000110111001110111010110011101101001101100000101011001011110111001
[38;2;24;27;34m1000110000100000110111110101010[38;2;27;28;35m0[38;2;31;30;36m1[38;2;30;30;37m0[38;2;26;28;35m0[38;2;24;27;34m110010110100110100001001001011000100
[38;2;24;27;34m10011000000001011100001111111[38;2;40;43;49m1[38;2;69;72;77m0[38;2;84;86;91m1[38;2;87;89;93m0[38;2;63;62;68m0[38;2;39;33;39m0[38;2;34;31;38m0[38;2;24;27;34m01100000011011000001110000111111011
[38;2;24;27;34m010001000000000100011000[38;2;28;31;37m0[38;2;99;101;105m0[38;2;190;191;192m1[38;2;203;204;205m1[38;2;210;211;212m1[38;2;224;224;225m0[38;2;172;174;176m1[38;2;196;198;199m1[38;2;236;237;238m1[38;2;85;87;92m0[38;2;24;27;34m1[38;2;37;32;39m1[38;2;27;28;35m0[38;2;24;27;34m0010100110110101010011111001011000
[38;2;24;27;34m111101111010000010000010[38;2;50;39;46m1[38;2;148;106;110m0[38;2;147;144;147m1[38;2;243;243;243m0[38;2;255;255;255m0[38;2;252;252;253m0[38;2;221;221;222m1[38;2;149;151;154m0[38;2;66;69;75m0[38;2;24;27;34m01[38;2;25;27;34m00[38;2;24;27;34m1000101000100110000111101001011101
[38;2;24;27;34m10111111100001101000[38;2;25;27;34m1[38;2;33;30;37m1[38;2;72;42;48m0[38;2;127;59;64m0[38;2;171;73;78m0[38;2;155;68;73m1[38;2;108;55;61m0[38;2;71;72;77m1[38;2;223;224;224m0[38;2;191;192;194m1[38;2;120;122;126m1[38;2;25;28;35m1[38;2;24;27;34m111110010100101001000011010011000000110
[38;2;24;27;34m11011111101001100[38;2;25;27;34m0[38;2;42;33;39m0[38;2;82;45;51m0[38;2;132;60;66m0[38;2;155;68;73m0[38;2;128;59;64m1[38;2;76;43;49m1[38;2;34;30;37m0[38;2;24;27;34m001[38;2;26;29;36m1[38;2;24;27;34m010110010110000001010000001010001100111100
[38;2;24;27;34m001010001100101[38;2;38;31;38m0[38;2;91;48;54m1[38;2;142;64;69m0[38;2;140;63;68m0[38;2;105;53;58m1[38;2;60;39;45m1[38;2;33;30;36m1[38;2;24;27;34m0110010000011110000111011101010110000011110111000
[38;2;24;27;34m10100111101[38;2;29;29;36m1[38;2;51;36;42m1[38;2;95;50;54m0[38;2;133;61;66m0[38;2;135;62;67m1[38;2;85;46;52m1[38;2;36;31;37m1[38;2;25;27;34m1[38;2;24;27;34m1001111001010001110111010010000100000011010001000110
[38;2;24;27;34m00000100[38;2;27;28;35m0[38;2;58;38;43m1[38;2;104;52;58m1[38;2;123;58;63m0[38;2;110;54;59m1[38;2;70;42;48m1[38;2;36;31;37m1[38;2;24;27;34m10101100111011100101101010011111010001010101010001010110
[38;2;24;27;34m1110[38;2;25;27;34m1[38;2;32;29;36m0[38;2;61;38;44m0[38;2;105;52;58m1[38;2;119;57;62m0[38;2;92;48;54m0[38;2;50;35;42m1[38;2;30;29;36m1[38;2;24;27;34m01111100101010000111101100001001101101110101111011111100011
[38;2;24;27;34m11[38;2;36;31;37m0[38;2;67;40;46m1[38;2;95;49;55m0[38;2;103;52;57m0[38;2;80;45;50m0[38;2;38;31;38m1[38;2;24;27;34m111111100010001011110011001000001001010000111011110010110001010
[38;2;68;41;47m0[38;2;85;46;52m1[38;2;81;45;51m0[38;2;56;37;43m1[38;2;34;30;37m1[38;2;24;27;34m001110110010011111111110110000011011010011110100001011000011001101
[0m
