[38;2;24;27;34m10000000011010111011110101010100101110101000101110100001011011000000100
[38;2;24;27;34m01111011111000110111010000011011101100101010000110110000110111000110111
[38;2;24;27;34m10101100010001100001010001010110001000111000001111010110101000101000111
[38;2;24;27;34m00101101100010111000010111001101011000011001011001010000011011000100011
[38;2;24;27;34m01010111010011001011010100010010100100101100001100000101000101011100100
[38;2;24;27;34m11110011111010101001111101011111110101100110111010000010001000011101001
[38;2;24;27;34m10010100101101010011111100100010101011011111101001000100000001101100010
[38;2;24;27;34m10100001110001100001010101001011111001000000100100010001101110011001101
[38;2;24;27;34m00000111101010011011110110101110001100101111000010000110110110101100100
[38;2;24;27;34m01001100101101000011100000101101000100111000010111100001011101001101100
[38;2;24;27;34m1101111111010100010111011111011[38;2;28;29;35m0[38;2;30;29;36m0[38;2;29;29;35m1[38;2;25;27;34m1[38;2;24;27;34m001001001100110110100100111001000100
[38;2;24;27;34m10110010010000011110011100100[38;2;37;40;46m1[38;2;63;65;71m1[38;2;78;80;86m1[38;2;81;82;87m0[38;2;51;49;56m0[38;2;39;33;39m0[38;2;31;30;36m0[38;2;24;27;34m00001010000101100010111001101101011
[38;2;24;27;34m101011010011110010111001[38;2;31;34;41m1[38;2;106;108;112m0[38;2;187;188;190m0[38;2;191;191;193m0[38;2;207;208;209m0[38;2;214;214;216m1[38;2;178;179;181m0[38;2;212;212;214m0[38;2;231;231;232m1[38;2;65;68;74m0[38;2;25;28;34m0[38;2;38;32;39m1[38;2;25;27;34m0[38;2;24;27;34m0010100000101101100011001011000110
[38;2;24;27;34m011010111000010110001010[38;2;60;47;53m1[38;2;148;114;118m1[38;2;170;170;172m1[38;2;250;250;250m0[38;2;255;255;255m1[38;2;248;248;249m0[38;2;212;212;214m1[38;2;147;149;152m0[38;2;60;62;68m0[38;2;24;27;34m10[38;2;25;28;35m1[38;2;24;27;34m11101111101110101001111110001000010
[38;2;24;27;34m11001111000011110011[38;2;25;27;34m0[38;2;33;30;37m1[38;2;72;42;48m1[38;2;127;59;64m1[38;2;174;74;78m1[38;2;158;69;74m0[38;2;99;54;60m1[38;2;96;99;103m1[38;2;231;231;232m1[38;2;195;195;197m1[38;2;110;111;116m1[38;2;25;28;35m0[38;2;24;27;34m000000010001100000000100010110100001010
[38;2;24;27;34m00110001110110011[38;2;25;27;34m0[38;2;42;33;39m1[38;2;82;45;51m0[38;2;132;60;66m0[38;2;155;68;73m1[38;2;128;59;64m1[38;2;76;43;49m1[38;2;34;30;37m1[38;2;24;27;34m10[38;2;25;28;35m0[38;2;27;30;37m1[38;2;24;27;34m100000011111001111000111000100000111110000
[38;2;24;27;34m010100110111110[38;2;37;31;38m1[38;2;90;48;53m1[38;2;142;64;69m1[38;2;140;63;68m0[38;2;105;53;58m0[38;2;60;39;45m1[38;2;33;30;36m0[38;2;24;27;34m0000101011110000110101010011101100011101011000001
[38;2;24;27;34m00101010011[38;2;29;29;35m0[38;2;51;36;42m0[38;2;95;50;54m0[38;2;132;61;66m0[38;2;135;62;67m0[38;2;85;46;52m0[38;2;36;31;37m1[38;2;25;27;34m1[38;2;24;27;34m0101011011100011101100000010010001000011110011110111
[38;2;24;27;34m10000110[38;2;27;28;35m1[38;2;58;37;44m1[38;2;104;52;57m1[38;2;122;58;63m1[38;2;110;54;59m1[38;2;70;42;48m0[38;2;35;30;37m1[38;2;24;27;34m11111111100101001000011111001010001101010010111011100110
[38;2;24;27;34m0011[38;2;25;27;34m0[38;2;31;29;36m1[38;2;59;38;44m1[38;2;105;52;58m1[38;2;118;57;62m0[38;2;92;48;54m0[38;2;50;35;42m1[38;2;30;29;36m0[38;2;24;27;34m10111110000101011001011000010010101111001010000000101001000
[38;2;24;27;34m10[38;2;37;31;38m1[38;2;69;41;47m1[38;2;96;50;55m0[38;2;102;52;57m0[38;2;79;45;50m0[38;2;38;31;38m1[38;2;24;27;34m011001000110111000101111010000010010111110100000000001000000110
[38;2;75;44;49m1[38;2;95;49;55m1[38;2;88;47;52m1[38;2;59;38;44m0[38;2;35;30;37m1[38;2;24;27;34m001101010110111111011101101011101110011111010000001101010010101110
[0m
