[38;2;24;27;34m11011111011010000011100001100110111101011100001100010011011011111100101
[38;2;24;27;34m10101000010111001010100101011101001100011101100001000001000001100110111
[38;2;24;27;34m01100111000100000111110100000100100011011010011101111100100101111100000
[38;2;24;27;34m10111011100000000000001000010011100101110111010110000011110010110000010
[38;2;24;27;34m01101100001101001100111001010111000010010010111111011110101011100101011
[38;2;24;27;34m11000010101111010000010000001001001001111000001100101111111101100111110
[38;2;24;27;34m00100101111111000101010000101101101111011001010101111110111001011110111
[38;2;24;27;34m00000011110000111110011100001100010110100101110110111111000011010000101
[38;2;24;27;34m11010101100100001001100000011000001100111111100101000011110101110110011
[38;2;24;27;34m00100110000100101010000011100001100100111111110100001111010110010000010
[38;2;24;27;34m1101100011111001011111110101011[38;2;28;28;35m1[38;2;29;29;36m0[38;2;28;28;35m1[38;2;24;27;34m1110011000000111010101001001101101100
[38;2;24;27;34m11110000010001100110100100110[38;2;33;36;43m0[38;2;54;56;63m1[38;2;68;70;76m1[38;2;69;70;75m0[38;2;40;38;44m0[38;2;38;32;38m1[38;2;27;28;35m0[38;2;24;27;34m00100011001101101100101110100000100
[38;2;24;27;34m110110010010001011000100[38;2;36;39;46m1[38;2;114;116;120m0[38;2;179;179;181m1[38;2;174;175;178m0[38;2;205;206;207m0[38;2;199;200;201m1[38;2;177;178;181m1[38;2;227;227;228m1[38;2;219;220;221m0[38;2;46;49;55m0[38;2;27;28;35m1[38;2;38;32;38m0[38;2;24;27;34m00101111110010011011101011100011101
[38;2;24;27;34m001010000111011000001110[38;2;78;62;67m0[38;2;149;126;129m0[38;2;201;201;202m1[38;2;254;254;254m0[38;2;255;255;255m1[38;2;240;241;241m1[38;2;201;201;203m0[38;2;146;147;151m1[38;2;52;56;61m1[38;2;24;27;34m00[38;2;26;28;35m0[38;2;24;27;34m11111101011001010000100111110110101
[38;2;24;27;34m11000000110011100100[38;2;25;27;34m0[38;2;33;30;37m0[38;2;72;42;48m1[38;2;127;60;65m0[38;2;177;75;79m1[38;2;158;70;74m0[38;2;85;54;60m1[38;2;140;141;144m1[38;2;236;237;237m1[38;2;198;199;201m1[38;2;91;93;98m1[38;2;25;28;35m0[38;2;24;27;34m010111101001010111010111100101001110100
[38;2;24;27;34m01100001100011100[38;2;25;27;34m0[38;2;42;33;39m0[38;2;82;45;51m0[38;2;132;61;66m0[38;2;156;68;73m0[38;2;128;59;65m1[38;2;77;44;50m0[38;2;34;30;37m1[38;2;24;27;34m00[38;2;29;32;39m1[38;2;31;34;40m1[38;2;24;27;34m001010010101011011110100100101000011100001
[38;2;24;27;34m001001011111010[38;2;37;31;38m0[38;2;90;48;53m0[38;2;142;64;69m0[38;2;140;63;68m0[38;2;105;53;58m1[38;2;60;39;45m1[38;2;33;30;36m1[38;2;24;27;34m0010101101000110111011011100011110110011011100101
[38;2;24;27;34m10011100010[38;2;29;29;35m1[38;2;51;35;42m0[38;2;94;49;54m1[38;2;132;61;66m0[38;2;135;62;67m1[38;2;85;46;52m0[38;2;36;31;37m0[38;2;25;27;34m1[38;2;24;27;34m1001001101001011001000101001111001111001100001111110
[38;2;24;27;34m01110011[38;2;27;28;35m0[38;2;58;37;44m1[38;2;103;52;57m1[38;2;121;58;63m1[38;2;109;54;59m1[38;2;69;42;48m0[38;2;35;30;37m0[38;2;24;27;34m01111111010110110110010111101000111001000111000101010010
[38;2;24;27;34m0000[38;2;25;27;34m0[38;2;31;29;36m1[38;2;58;38;44m1[38;2;104;52;58m0[38;2;117;57;62m0[38;2;90;48;54m0[38;2;49;35;42m1[38;2;30;29;36m1[38;2;24;27;34m11000011101100010100010000100000110100111110100111001110111
[38;2;24;27;34m10[38;2;37;31;38m0[38;2;68;41;47m1[38;2;96;50;55m1[38;2;102;52;57m1[38;2;79;44;50m0[38;2;38;31;38m1[38;2;24;27;34m010001111011110011000010100110101011110000100111110101000101111
[38;2;77;44;49m0[38;2;94;49;55m0[38;2;85;46;52m0[38;2;57;37;44m0[38;2;35;30;37m0[38;2;24;27;34m001011111101101110100011011010100011000101110101110000000010101000
[0m
