[38;2;24;27;34m10001101100101010011111000110100001001010000101011011010101100000101111
[38;2;24;27;34m00000111111000000010011100101000110001010001011001100111001010000100100
[38;2;24;27;34m00110011111010000000111101000110111001101111110000110101110110111101110
[38;2;24;27;34m00001010111001010100111010000111110010100100010000011010110010001110001
[38;2;24;27;34m10110101101101000010101010111011010011110000100011100000100101111001100
[38;2;24;27;34m01100100000011101011011011010101000111111100110101100000101011000111000
[38;2;24;27;34m00010110010111010111011000111010101010100010111101101101011100001000001
[38;2;24;27;34m01001010001100000001111010010101001001010101001111001010010100001011100
[38;2;24;27;34m11111100100100010110100111101111101101100111000100001110110111010010110
[38;2;24;27;34m0111010101100100[38;2;27;30;36m0[38;2;25;28;35m0[38;2;24;27;34m00001001000101011[38;2;26;28;34m0[38;2;28;29;35m1[38;2;27;28;35m0[38;2;24;27;34m011001100001110101111000110101000
[38;2;24;27;34m0100111101011001[38;2;50;53;59m0[38;2;36;39;45m0[38;2;26;29;36m1[38;2;24;27;34m11110100011[38;2;28;31;37m0[38;2;29;32;39m1[38;2;48;50;57m0[38;2;58;60;66m1[38;2;83;85;90m1[38;2;111;113;117m1[38;2;105;107;112m0[38;2;40;41;48m1[38;2;31;30;36m1[38;2;26;28;35m1[38;2;24;27;34m1110001000001000100000100100000
[38;2;24;27;34m0010011011100100000010010101[38;2;39;41;48m0[38;2;129;130;134m0[38;2;199;200;201m0[38;2;206;207;208m0[38;2;228;228;228m1[38;2;173;174;176m1[38;2;194;195;196m0[38;2;254;254;254m0[38;2;185;186;188m1[38;2;34;37;44m1[38;2;25;27;34m0[38;2;30;30;36m0[38;2;24;27;34m1010100001001000111000000110011
[38;2;24;27;34m100[38;2;26;29;35m1[38;2;28;31;37m1[38;2;24;28;34m0[38;2;24;27;34m111011111011110010100[38;2;30;29;36m0[38;2;95;57;62m0[38;2;135;97;101m0[38;2;185;182;184m0[38;2;245;245;246m0[38;2;255;255;255m1[38;2;253;253;253m1[38;2;195;195;197m0[38;2;99;102;106m1[38;2;30;33;40m1[38;2;24;27;34m0000001010000110000010101100011100
[38;2;24;27;34m1[38;2;27;30;37m0[38;2;38;41;48m1[38;2;35;39;44m0[38;2;26;29;36m0[38;2;24;27;34m1110101011011110111[38;2;27;28;35m1[38;2;57;38;44m1[38;2;110;54;59m0[38;2;153;67;72m0[38;2;155;68;73m0[38;2;127;60;65m1[38;2;62;41;47m1[38;2;134;135;139m1[38;2;170;171;173m1[38;2;120;122;126m1[38;2;39;42;48m0[38;2;24;27;34m001000001111110001011101100110110100
[38;2;48;51;57m0[38;2;49;52;57m1[38;2;30;33;39m0[38;2;24;27;34m000110101010111010[38;2;27;28;35m1[38;2;49;35;41m0[38;2;104;52;57m1[38;2;142;64;69m1[38;2;125;59;64m0[38;2;83;45;51m0[38;2;43;33;40m1[38;2;28;28;35m1[38;2;24;27;34m10[38;2;26;29;36m1[38;2;25;28;35m0[38;2;24;27;34m00001111111011110000001110010000011011
[38;2;35;38;44m1[38;2;24;27;34m101011110011011100[38;2;26;27;34m1[38;2;67;41;47m0[38;2;98;50;55m1[38;2;96;50;55m0[38;2;56;37;43m0[38;2;27;28;35m0[38;2;24;27;34m0111111101000101111110100001011110010011001110
[38;2;24;27;34m1100001001001010011[38;2;25;27;34m0[38;2;33;30;37m1[38;2;25;27;34m1[38;2;24;27;34m1111110100000011010000010100001011101100000111111
[38;2;24;27;34m11001110110000101111001001101100[38;2;37;40;46m0[38;2;34;36;43m1[38;2;24;27;34m0111110000110101000110111100101010010
[38;2;24;27;34m01101001110011000101010001011111[38;2;46;48;54m0[38;2;27;30;37m1[38;2;24;27;34m1111101101010011110100111111000111111
[38;2;24;27;34m01110101100000100011100010110101000101001110101000111001010010000011010
[38;2;24;27;34m10100111010110100100110001100011000001011000000010110000001101001000000
[38;2;24;27;34m10000111100110010000101000001111001110111110100100110011011010001011101
[0m
