[38;2;24;27;34m11011100011100111010111000100011111110000010001111100100001[38;2;28;31;37m1[38;2;45;47;53m0[38;2;49;52;58m1[38;2;29;32;39m0[38;2;24;27;34m01011010
[38;2;24;27;34m011111010000010010100110011011110100111100100110001000000[38;2;26;29;36m0[38;2;54;57;62m1[38;2;61;63;69m0[38;2;37;40;46m0[38;2;24;27;34m0111110010
[38;2;24;27;34m00111101111101110011010000110011010001111110111001001010[38;2;45;47;53m1[38;2;99;100;105m0[38;2;44;47;53m0[38;2;25;28;35m0[38;2;24;27;34m01001100010
[38;2;24;27;34m110000011010001011110111101100110100110010011010101011000[38;2;25;28;35m1[38;2;24;27;34m1100000000000
[38;2;24;27;34m01110001011000000010100101110011010010011101011101010111011001110101110
[38;2;24;27;34m00101010100101011001011100110010000010111000101101101100110000100001101
[38;2;24;27;34m00011100001100100010101101011000100011000100001110101101000001101010000
[38;2;24;27;34m01000011001111100001110101111001100100111101011101011010001011011000101
[38;2;24;27;34m01001111101111001100110011000111101101010011011010110001110100011010010
[38;2;24;27;34m10101100001101000100001111100011101001000111111100101011100010111010100
[38;2;24;27;34m000110110111001101010010011111[38;2;25;28;34m0[38;2;28;28;35m0[38;2;29;29;36m1[38;2;26;28;35m0[38;2;24;27;34m1111111011000001000101011001010100000
[38;2;24;27;34m11011010001111001100101010101[38;2;29;32;39m0[38;2;46;49;55m0[38;2;54;56;62m1[38;2;54;54;59m0[38;2;36;32;39m0[38;2;37;32;38m1[38;2;25;27;34m1[38;2;24;27;34m01110101111000011111001110100110000
[38;2;24;27;34m011101000000000101011101[38;2;42;44;51m1[38;2;118;120;124m1[38;2;169;170;172m0[38;2;161;162;164m1[38;2;202;203;204m0[38;2;188;189;191m1[38;2;181;183;184m0[38;2;242;242;242m1[38;2;198;199;201m0[38;2;27;30;37m1[38;2;30;29;36m1[38;2;35;31;38m1[38;2;24;27;34m00001001110000100000001101000011011
[38;2;24;27;34m10010111001011010100100[38;2;25;27;34m0[38;2;102;83;88m0[38;2;154;142;145m1[38;2;232;232;233m1[38;2;255;255;255m11[38;2;229;229;230m0[38;2;192;193;194m1[38;2;143;145;148m1[38;2;44;47;53m1[38;2;24;27;34m11[38;2;26;28;35m0[38;2;24;27;34m10010110000101101010011010100011011
[38;2;24;27;34m01111101011000010001[38;2;25;27;34m1[38;2;33;30;37m1[38;2;72;42;48m1[38;2;130;60;65m1[38;2;182;77;81m0[38;2;154;68;73m1[38;2;80;63;68m1[38;2;181;182;184m1[38;2;239;240;240m1[38;2;201;202;203m0[38;2;73;76;81m1[38;2;25;28;35m1[38;2;24;27;34m101011010101010100000111010101001110100
[38;2;24;27;34m00000001110000010[38;2;25;27;34m0[38;2;42;33;39m0[38;2;82;45;51m1[38;2;132;61;66m0[38;2;157;69;74m1[38;2;129;60;65m1[38;2;77;44;50m0[38;2;34;30;37m1[38;2;25;27;34m0[38;2;24;27;34m1[38;2;39;42;48m0[38;2;34;37;44m1[38;2;24;27;34m010010111001110101100000001101111011111101
[38;2;24;27;34m000110011001101[38;2;37;31;38m1[38;2;90;48;53m1[38;2;142;64;69m0[38;2;140;63;68m0[38;2;106;53;58m0[38;2;60;39;45m1[38;2;33;30;37m0[38;2;24;27;34m0000101011000000011101001111000010011110010111100
[38;2;24;27;34m00000101100[38;2;29;29;35m0[38;2;51;35;42m1[38;2;94;49;55m0[38;2;132;61;66m1[38;2;135;62;67m1[38;2;85;46;52m1[38;2;36;31;37m0[38;2;25;27;34m1[38;2;24;27;34m0000100011101100010010000110001010000111101100011001
[38;2;24;27;34m01011101[38;2;27;28;35m1[38;2;57;37;43m0[38;2;103;52;57m0[38;2;120;57;63m1[38;2;108;54;59m1[38;2;69;41;48m0[38;2;35;30;37m0[38;2;24;27;34m01100000100010010111110000000000010010110101001101001100
[38;2;24;27;34m10010[38;2;31;29;36m0[38;2;58;38;44m1[38;2;103;51;57m1[38;2;117;56;61m1[38;2;90;48;54m0[38;2;49;35;42m0[38;2;30;29;36m0[38;2;24;27;34m00000101101111111111000001001000010010111110110001101110100
[38;2;24;27;34m11[38;2;36;31;37m0[38;2;68;41;47m0[38;2;94;49;54m1[38;2;100;51;57m1[38;2;77;44;50m0[38;2;36;31;38m1[38;2;24;27;34m101000111100111111101101011101111110110001011001101111011101100
[38;2;75;43;49m0[38;2;93;49;54m1[38;2;85;46;52m0[38;2;57;38;44m0[38;2;34;30;37m0[38;2;24;27;34m000101011010100000100000111001100101100100011100011111111101010000
[0m
