[38;2;24;27;34m01100111100101100011011111110010001101010101010101010011001011101100000
[38;2;24;27;34m00110010010000100100100100100011011010000010100100011101[38;2;25;28;35m1[38;2;27;31;37m1[38;2;24;27;34m1101111100001
[38;2;24;27;34m001010110000110110001110100000100100001011010100001101[38;2;26;29;36m0[38;2;36;39;46m1[38;2;36;39;45m1[38;2;26;29;36m0[38;2;24;27;34m1100110000110
[38;2;24;27;34m0000101111111100101101100000000100001000011111011111[38;2;27;30;36m1[38;2;45;48;54m0[38;2;49;52;57m0[38;2;31;34;41m1[38;2;24;27;34m010100000010111
[38;2;24;27;34m11011100000011010010000011001111000100111000010010[38;2;25;28;35m1[38;2;52;55;60m1[38;2;64;66;72m0[38;2;38;40;47m0[38;2;25;28;34m1[38;2;24;27;34m1111001001000001
[38;2;24;27;34m1001000011111011100100100110111100000001000110111[38;2;36;39;45m0[38;2;99;101;105m0[38;2;49;52;57m0[38;2;24;27;34m0011101111101001001
[38;2;24;27;34m10110101101100001011111111001010010010001100001111[38;2;26;29;35m0[38;2;24;27;34m00000001011110010110
[38;2;24;27;34m00101101011100000011100111010011110001101110100010110101000110111000110
[38;2;24;27;34m00000011101111110100101001101100010111101100000111000010100100100000000
[38;2;24;27;34m10110101000001011000111100110100110100111001101011000000010101101000111
[38;2;24;27;34m000100110001001011111010111011[38;2;26;27;34m1[38;2;28;28;35m1[38;2;28;29;35m1[38;2;25;27;34m1[38;2;24;27;34m0100111001110110001111110110100000111
[38;2;24;27;34m00011110000010101111100000010[38;2;26;29;36m1[38;2;35;38;44m1[38;2;44;46;52m1[38;2;40;38;44m1[38;2;39;33;39m0[38;2;33;30;37m0[38;2;24;27;34m101101000000100101100010100011101011
[38;2;24;27;34m010000111001111110011101[38;2;47;50;56m1[38;2;121;123;127m0[38;2;151;152;156m0[38;2;148;149;152m1[38;2;195;196;197m1[38;2;176;177;179m1[38;2;193;194;196m1[38;2;246;246;247m1[38;2;162;163;166m0[38;2;25;28;35m1[38;2;38;32;39m1[38;2;31;30;36m1[38;2;24;27;34m10110011010011000000000001110111011
[38;2;24;27;34m01110110100110110101011[38;2;26;28;35m0[38;2;126;108;113m1[38;2;171;167;169m0[38;2;251;251;251m0[38;2;255;255;255m1[38;2;253;253;253m1[38;2;216;217;218m0[38;2;185;186;189m1[38;2;137;138;142m0[38;2;36;39;45m1[38;2;24;27;34m0[38;2;25;27;34m0[38;2;27;28;35m0[38;2;24;27;34m01000010110010011110101101011111000
[38;2;24;27;34m00010100011010101100[38;2;25;27;34m0[38;2;33;30;37m0[38;2;72;42;48m1[38;2;135;61;66m1[38;2;186;78;82m1[38;2;140;65;69m0[38;2;90;83;88m0[38;2;225;225;226m0[38;2;242;242;242m0[38;2;198;198;200m1[38;2;53;56;62m0[38;2;25;28;35m0[38;2;24;27;34m110000110010100111110001110000001000011
[38;2;24;27;34m10000001101100000[38;2;25;27;34m1[38;2;43;33;39m1[38;2;83;45;51m0[38;2;132;61;66m1[38;2;157;69;73m0[38;2;129;60;65m1[38;2;78;44;50m1[38;2;35;30;37m1[38;2;25;27;34m1[38;2;24;27;34m1[38;2;56;58;64m1[38;2;38;41;47m0[38;2;25;28;35m0[38;2;24;27;34m11100011100011110110011000000110010101010
[38;2;24;27;34m001011000111000[38;2;37;31;38m0[38;2;90;48;53m0[38;2;143;64;69m1[38;2;141;63;68m0[38;2;107;53;59m1[38;2;60;39;45m0[38;2;33;30;37m1[38;2;24;27;34m1000000001111111011010110110010101001110101101000
[38;2;24;27;34m00001100101[38;2;29;29;35m1[38;2;50;36;42m1[38;2;94;49;54m1[38;2;132;61;66m1[38;2;134;62;67m1[38;2;85;46;52m1[38;2;36;31;37m1[38;2;25;27;34m1[38;2;24;27;34m1100110001000010111001101001010111010110111001110110
[38;2;24;27;34m01011101[38;2;27;28;35m1[38;2;57;37;43m1[38;2;103;51;56m0[38;2;120;57;63m0[38;2;108;53;58m0[38;2;69;41;47m1[38;2;35;30;37m0[38;2;24;27;34m00100010110110010000100111110000011101111111101100100101
[38;2;24;27;34m01111[38;2;31;29;36m0[38;2;58;37;44m0[38;2;102;52;58m0[38;2;116;56;61m1[38;2;89;48;54m0[38;2;49;35;41m0[38;2;30;29;36m1[38;2;24;27;34m00111001111110101001000100111000010100010111011001101110100
[38;2;24;27;34m01[38;2;36;31;37m0[38;2;66;40;46m0[38;2;93;49;54m0[38;2;99;51;56m1[38;2;77;44;50m0[38;2;36;31;38m0[38;2;24;27;34m010110000111011011000110110100001111101011111000101100111111000
[38;2;74;43;49m0[38;2;91;48;53m1[38;2;83;46;51m0[38;2;56;37;43m1[38;2;34;30;37m1[38;2;24;27;34m000100011100111011110001110111110100111001000001010100101101010011
[0m
