[38;2;24;27;34m00110011000001011001111001110000101111110111001111011000100101000101101
[38;2;24;27;34m00110001011011011011101010000110010111001101010010101110001011010111001
[38;2;24;27;34m01001010101111101010110010000000110101001110000101001000010100000000100
[38;2;24;27;34m00111011111000110101000000110000000000110111111010001001100000101110111
[38;2;24;27;34m0011011110011010100101110011010101101111001011000[38;2;24;28;34m1[38;2;28;32;38m1[38;2;25;28;35m0[38;2;24;27;34m0111100101101011001
[38;2;24;27;34m01010010100011011010001000110100010010100100111[38;2;26;29;36m0[38;2;36;39;45m0[38;2;38;41;47m0[38;2;27;30;37m0[38;2;24;27;34m00001001010000001000
[38;2;24;27;34m111010100011100111110101111110011000101010100[38;2;25;28;35m1[38;2;45;47;54m1[38;2;51;53;58m0[38;2;34;36;42m0[38;2;24;27;34m1111001101111010011010
[38;2;24;27;34m1100011101101110010010110001101000011011111[38;2;29;31;38m0[38;2;49;51;57m1[38;2;66;69;74m1[38;2;40;43;49m1[38;2;25;28;35m0[38;2;24;27;34m10100100101100001110101
[38;2;24;27;34m111110111110000001010001111101010000011011[38;2;27;30;37m0[38;2;88;90;95m0[38;2;58;61;66m0[38;2;25;28;35m0[38;2;24;27;34m0101011110110111000100101
[38;2;24;27;34m1111111100000011011101101111100010010111100[38;2;25;28;35m0[38;2;24;27;34m111010111010100010100100101
[38;2;24;27;34m100001010100011011100100011110[38;2;26;28;35m1[38;2;28;28;35m1[38;2;26;28;35m0[38;2;24;27;34m11111100000110101111000101011100011001
[38;2;24;27;34m01000000010000101000100101110[38;2;25;28;35m1[38;2;27;30;36m0[38;2;31;32;38m0[38;2;35;32;38m0[38;2;40;34;40m1[38;2;28;29;36m1[38;2;24;27;34m010110110001101110111010110111111101
[38;2;24;27;34m00110111001011110100110[38;2;25;28;35m0[38;2;53;55;61m0[38;2;120;121;125m1[38;2;134;136;140m0[38;2;140;141;145m1[38;2;181;182;184m0[38;2;172;173;175m0[38;2;208;209;210m1[38;2;240;240;241m0[38;2;116;118;122m1[38;2;26;28;35m1[38;2;42;34;40m1[38;2;27;28;35m1[38;2;24;27;34m01000000100001110000011100101011010
[38;2;24;27;34m10010100001110001111111[38;2;36;37;43m0[38;2;150;137;140m0[38;2;199;199;201m1[38;2;255;255;255m10[38;2;242;242;243m0[38;2;206;207;208m0[38;2;184;185;187m1[38;2;124;126;130m0[38;2;30;33;39m1[38;2;24;27;34m0[38;2;28;29;35m0[38;2;26;28;35m0[38;2;24;27;34m11110111000100101100100110010000010
[38;2;24;27;34m00010001100011001001[38;2;25;27;34m1[38;2;33;30;37m0[38;2;73;43;49m0[38;2;144;64;69m0[38;2;185;77;81m1[38;2;122;66;71m1[38;2;115;114;117m0[38;2;248;248;248m1[38;2;243;243;244m1[38;2;182;182;185m0[38;2;40;43;49m1[38;2;24;27;34m0010111011010001001010111110010000011011
[38;2;24;27;34m01111001001011000[38;2;25;27;34m0[38;2;43;33;39m0[38;2;83;45;51m1[38;2;132;61;66m1[38;2;157;69;73m0[38;2;129;60;65m1[38;2;78;44;50m0[38;2;37;31;38m1[38;2;28;28;35m0[38;2;28;31;38m0[38;2;73;75;81m1[38;2;42;45;51m1[38;2;25;28;35m1[38;2;24;27;34m00111111011100001011110011000001100101111
[38;2;24;27;34m110000001010110[38;2;37;31;38m1[38;2;90;48;53m1[38;2;143;64;69m0[38;2;142;64;68m1[38;2;107;53;59m0[38;2;60;39;45m0[38;2;33;30;37m1[38;2;24;27;34m0100001100000001100100110011010101010011010101010
[38;2;24;27;34m11100110000[38;2;29;28;35m0[38;2;51;35;42m1[38;2;94;49;54m1[38;2;132;61;66m0[38;2;135;62;67m1[38;2;85;46;52m1[38;2;36;31;37m1[38;2;25;27;34m0[38;2;24;27;34m1001010110000111101110110001001110011010111101110000
[38;2;24;27;34m00001000[38;2;27;28;35m1[38;2;57;37;43m0[38;2;102;52;57m0[38;2;120;57;62m0[38;2;108;53;59m1[38;2;69;41;47m1[38;2;35;30;37m0[38;2;24;27;34m00011001000001000101110111111101100000110011111101000110
[38;2;24;27;34m10100[38;2;31;29;36m0[38;2;57;37;44m0[38;2;101;51;57m0[38;2;116;56;61m0[38;2;89;48;53m0[38;2;48;34;41m1[38;2;30;29;36m1[38;2;24;27;34m10111010001010001100111110011011111001111110101100101001011
[38;2;24;27;34m10[38;2;35;30;37m0[38;2;66;40;46m1[38;2;92;49;54m1[38;2;99;50;56m0[38;2;77;44;50m0[38;2;36;31;38m1[38;2;24;27;34m011101110011010010100101000100101110111110110110101001100111001
[38;2;73;43;48m1[38;2;89;48;53m1[38;2;81;45;51m1[38;2;56;37;43m0[38;2;34;30;37m1[38;2;24;27;34m000100010000001000001101111111001111000100110010010011001011101000
[0m
