[38;2;24;27;34m11110111101000100100001001001011000100011001001000010110011100011010001
[38;2;24;27;34m01111011101011010111111101101011001110000000010001110001000100111100010
[38;2;24;27;34m10110111001010011100110010110110111101101100001010100011100111010001010
[38;2;24;27;34m11111101100111001011110010001101001011100111110100110001100110101100011
[38;2;24;27;34m01010011111100010001011110100011001111000110101101111110111001111011000
[38;2;24;27;34m10110111111111010010000110101011011111001100101010100111111010010110000
[38;2;24;27;34m11000001100101010000011011001001010011100000111110111110000100110101010
[38;2;24;27;34m011111000100101100101111011001100100000101[38;2;25;28;35m1[38;2;28;31;38m1[38;2;26;30;36m1[38;2;24;27;34m00111011101100000100101001
[38;2;24;27;34m0111011110100001010100111010100010001111[38;2;25;28;35m1[38;2;37;39;45m1[38;2;39;42;48m0[38;2;29;32;39m0[38;2;24;27;34m111110010100111111011100000
[38;2;24;27;34m10100000110010001100011011011110101101[38;2;25;28;35m0[38;2;41;44;50m0[38;2;54;57;62m0[38;2;36;38;45m0[38;2;25;28;35m0[38;2;24;27;34m0011101100110110110100101100
[38;2;24;27;34m01110011100000111111001011010[38;2;25;28;34m0[38;2;27;28;35m0[38;2;28;28;35m0[38;2;25;27;34m0[38;2;24;27;34m001[38;2;29;32;39m0[38;2;48;50;56m1[38;2;67;69;74m1[38;2;46;49;55m1[38;2;24;27;34m1001110000100101110111001101110
[38;2;24;27;34m00000000111000010011000000111[38;2;25;28;34m1[38;2;27;29;36m1[38;2;31;30;37m1[38;2;37;32;39m1[38;2;37;33;39m0[38;2;25;27;34m1[38;2;24;27;34m1[38;2;64;67;72m1[38;2;71;73;79m1[38;2;27;30;37m1[38;2;24;27;34m00001110100110001101010111001011
[38;2;24;27;34m01011100101000100100110[38;2;26;29;36m0[38;2;57;59;65m0[38;2;113;114;118m1[38;2;113;115;119m1[38;2;135;137;140m0[38;2;168;169;171m0[38;2;169;170;172m0[38;2;216;216;217m0[38;2;224;224;225m1[38;2;71;74;79m1[38;2;30;29;36m0[38;2;41;34;40m0[38;2;24;27;34m001011011101010100111000110000001001
[38;2;24;27;34m10100000000110101001001[38;2;51;52;57m0[38;2;166;160;162m1[38;2;227;228;229m1[38;2;255;255;255m10[38;2;226;227;228m1[38;2;197;198;199m0[38;2;191;191;192m0[38;2;109;111;115m0[38;2;25;28;35m1[38;2;24;27;34m0[38;2;30;29;36m0[38;2;25;27;34m1[38;2;24;27;34m11100110110011110110000110111101110
[38;2;24;27;34m00000100100101011000[38;2;25;27;34m0[38;2;33;30;37m1[38;2;74;43;49m0[38;2;154;68;72m1[38;2;175;75;79m0[38;2;114;78;83m0[38;2;161;162;164m0[38;2;251;251;251m1[38;2;245;245;245m0[38;2;158;159;162m0[38;2;37;39;46m0[38;2;24;27;34m0011111000010101011011100101110010011110
[38;2;24;27;34m10110101011101000[38;2;25;27;34m0[38;2;43;33;39m0[38;2;83;46;51m1[38;2;133;61;66m0[38;2;158;69;74m0[38;2;130;60;65m1[38;2;79;44;50m0[38;2;44;33;40m0[38;2;29;29;35m0[38;2;43;46;52m1[38;2;83;86;90m1[38;2;46;49;55m1[38;2;25;28;35m0[38;2;24;27;34m01000111100001011001110101110100111101001
[38;2;24;27;34m011001101100111[38;2;37;31;38m0[38;2;90;48;53m0[38;2;143;64;69m0[38;2;142;64;68m1[38;2;107;53;59m1[38;2;60;39;45m0[38;2;33;30;37m0[38;2;24;27;34m0001001000110011101110000110000010011100101000110
[38;2;24;27;34m10001100000[38;2;29;29;35m1[38;2;51;35;42m1[38;2;94;49;54m0[38;2;132;61;66m0[38;2;135;62;67m0[38;2;85;46;52m0[38;2;36;31;37m1[38;2;25;27;34m1[38;2;24;27;34m1100011111110101110001101010000011111100001100001110
[38;2;24;27;34m10111011[38;2;27;28;35m1[38;2;57;37;43m0[38;2;102;52;57m0[38;2;119;57;62m1[38;2;108;53;58m1[38;2;69;41;47m1[38;2;35;30;37m0[38;2;24;27;34m10000001101100110101100111101110010101100100000100101110
[38;2;24;27;34m01001[38;2;31;29;36m1[38;2;57;37;43m0[38;2;101;51;57m0[38;2;114;55;61m0[38;2;89;48;53m0[38;2;48;34;41m1[38;2;30;29;36m1[38;2;24;27;34m10010001010010001000101111101111000011010001011111100111011
[38;2;24;27;34m01[38;2;35;30;37m0[38;2;65;40;46m0[38;2;91;48;53m1[38;2;98;50;56m1[38;2;76;43;49m1[38;2;36;31;37m0[38;2;24;27;34m010110101110000111010001000000011111111000100110101000111110011
[38;2;72;42;48m1[38;2;88;47;53m0[38;2;81;45;51m0[38;2;55;37;43m1[38;2;34;30;37m0[38;2;24;27;34m001001100011011011010111100001100000010101101101110100100001100011
[0m
