[38;2;24;27;34m11001101001101101000100100010100000111110110100001010001010110100100011
[38;2;24;27;34m11000110001100100100101101100001000111010111011000011111001100010101111
[38;2;24;27;34m10010001110010010100111000001101100011011101011111100101101101011001100
[38;2;24;27;34m11000000010110001000110100010010001101101000001000000100101100010010101
[38;2;24;27;34m00000001001011110000111100011001011100100101111100101101011101101010010
[38;2;24;27;34m00010011110110101011100010101101111011010011101001011010010101011110010
[38;2;24;27;34m10011111010101101110111010101110101011011001000000111101000000110010010
[38;2;24;27;34m01001010100101101100011100000001110001110110000010101010101010100110010
[38;2;24;27;34m01011101100001100000001010101111111001011111001001010100001011010111011
[38;2;24;27;34m00100110101111011101111101101111100110101100000110110010001000000010011
[38;2;24;27;34m001001001010110011000100000110[38;2;26;28;35m01[38;2;24;27;34m1110[38;2;29;32;39m1[38;2;29;32;38m1[38;2;24;27;34m010111101100100100100110010110010
[38;2;24;27;34m110001001011011101000100010100[38;2;26;28;35m1[38;2;31;29;36m0[38;2;37;32;38m1[38;2;32;30;37m1[38;2;35;37;44m1[38;2;42;45;51m0[38;2;31;34;40m1[38;2;24;27;34m1100011101000111101100001000111111
[38;2;24;27;34m00001110111011000011011[38;2;27;30;37m0[38;2;59;62;68m1[38;2;103;105;109m0[38;2;98;99;104m0[38;2;133;134;137m1[38;2;156;158;161m0[38;2;170;171;173m1[38;2;208;209;210m0[38;2;198;198;200m1[38;2;58;60;66m0[38;2;66;62;68m0[38;2;51;48;54m0[38;2;25;28;35m1[38;2;24;27;34m01100101111000110111110111111011011
[38;2;24;27;34m11111101001000110111001[38;2;73;73;79m0[38;2;181;180;181m1[38;2;243;243;243m0[38;2;255;255;255m10[38;2;205;206;207m0[38;2;185;186;188m0[38;2;216;216;217m1[38;2;135;136;140m0[38;2;53;55;61m0[38;2;26;29;36m0[38;2;30;29;36m0[38;2;24;27;34m011100101010010110111110011001110110
[38;2;24;27;34m01001101100110111111[38;2;25;27;34m0[38;2;33;30;37m0[38;2;74;43;49m1[38;2;163;71;76m1[38;2;156;71;75m1[38;2;121;100;105m1[38;2;198;199;201m0[38;2;252;252;252m1[38;2;245;245;246m0[38;2;137;140;143m0[38;2;87;88;93m0[38;2;32;35;42m1[38;2;24;27;34m001111101001011101001011100111000110101
[38;2;24;27;34m01100111000000011[38;2;25;27;34m1[38;2;43;33;39m1[38;2;84;46;52m0[38;2;133;61;66m1[38;2;158;69;74m1[38;2;130;60;65m0[38;2;79;44;50m1[38;2;52;36;42m1[38;2;29;29;35m0[38;2;67;69;74m0[38;2;90;92;97m0[38;2;50;52;59m0[38;2;25;28;35m1[38;2;24;27;34m00111010000000010111000100000010101100111
[38;2;24;27;34m111010110001010[38;2;37;31;38m0[38;2;90;48;53m0[38;2;143;64;69m0[38;2;142;64;68m0[38;2;107;53;59m0[38;2;60;39;45m0[38;2;33;30;37m0[38;2;24;27;34m0011100000010101100001110110100001110010011111001
[38;2;24;27;34m10010010011[38;2;29;28;35m0[38;2;50;35;42m1[38;2;94;49;54m0[38;2;132;61;66m1[38;2;134;62;67m0[38;2;85;46;52m1[38;2;37;31;38m1[38;2;25;27;34m0[38;2;24;27;34m1000001011111100101010010110011110001101111101101111
[38;2;24;27;34m11000101[38;2;27;28;35m0[38;2;57;37;43m0[38;2;102;52;56m0[38;2;119;57;62m0[38;2;107;53;58m0[38;2;69;41;47m1[38;2;35;30;37m0[38;2;24;27;34m11000111001110110101010011000100011100010011000100110100
[38;2;24;27;34m01101[38;2;31;29;36m1[38;2;55;37;43m0[38;2;100;51;56m0[38;2;114;55;60m1[38;2;89;48;53m0[38;2;48;34;41m0[38;2;29;29;36m0[38;2;24;27;34m01000100011010101001110000111111000111000111100010101111010
[38;2;24;27;34m00[38;2;35;30;37m1[38;2;64;40;46m0[38;2;90;48;54m0[38;2;96;50;55m1[38;2;75;43;49m1[38;2;36;31;37m0[38;2;24;27;34m010111101010101101010100011110011101111100010001100100011110111
[38;2;70;42;48m1[38;2;85;47;52m1[38;2;79;45;51m1[38;2;55;37;43m1[38;2;33;30;37m0[38;2;24;27;34m111110101111110010011001110001100000011011110100010010011111110001
[0m
