[38;2;24;27;34m11101010001001011110110011010111011100101010111001111001000000000101011
[38;2;24;27;34m01111000011011000000010011100000111111001000110110100101111010110111101
[38;2;24;27;34m00101011001010011100111010000010011000100010101011011101000110000000010
[38;2;24;27;34m10000001010011000011001011101011010000001011010101000010010010011110000
[38;2;24;27;34m00100011111000001010101001110101010010001101001000110110110011111100011
[38;2;24;27;34m11100110001111001111011000111010101100110101110011100100011001100101110
[38;2;24;27;34m00001001101101000111000100110011101111100100110011110000001000010010010
[38;2;24;27;34m00011101111001001110111010010110010101001000010111100010011100001001100
[38;2;24;27;34m01010011000001010111100010110110100000101100001110000000001100001101110
[38;2;24;27;34m01011101100111001011011011101101110000101110100110001100100110100001100
[38;2;24;27;34m100110111010101111101011010000[38;2;25;28;34m0[38;2;25;27;34m1[38;2;24;27;34m001001001111100100111011011101010011010
[38;2;24;27;34m001000001111101101101100011101[38;2;26;28;35m0[38;2;29;29;35m1[38;2;31;30;36m0[38;2;27;28;35m0[38;2;24;27;34m0011001000111101100111101000010110010
[38;2;24;27;34m01101111110100110101111[38;2;28;31;37m1[38;2;60;63;69m1[38;2;92;94;99m0[38;2;83;85;91m0[38;2;129;131;135m1[38;2;150;151;155m1[38;2;172;173;176m0[38;2;203;203;205m0[38;2;169;170;172m1[38;2;26;28;35m0[38;2;32;31;37m1[38;2;27;28;35m1[38;2;24;27;34m110111100101100101100011011001100011
[38;2;24;27;34m11011010101000011110100[38;2;98;99;104m1[38;2;197;197;199m0[38;2;252;252;252m0[38;2;254;254;255m0[38;2;255;255;255m0[38;2;188;189;191m1[38;2;180;180;182m0[38;2;199;200;201m1[38;2;77;79;84m1[38;2;24;27;34m11[38;2;28;28;35m0[38;2;24;27;34m011001011100100100100011001110000001
[38;2;24;27;34m00000000100110100111[38;2;25;27;34m0[38;2;33;30;37m1[38;2;79;44;50m1[38;2;170;75;79m1[38;2;137;70;75m0[38;2;138;127;130m0[38;2;224;225;226m1[38;2;253;253;253m0[38;2;244;244;245m1[38;2;108;109;114m0[38;2;34;37;43m0[38;2;24;27;34m0000110101101100110000010000000001100111
[38;2;24;27;34m00101100111010001[38;2;25;27;34m0[38;2;43;33;39m0[38;2;84;46;52m1[38;2;134;61;66m0[38;2;158;69;74m0[38;2;131;60;65m0[38;2;79;45;50m1[38;2;60;38;45m1[38;2;41;40;46m1[38;2;117;119;122m0[38;2;101;103;108m0[38;2;52;55;61m1[38;2;25;28;35m1[38;2;24;27;34m01110011010001101101010011110111111111001
[38;2;24;27;34m111001110010100[38;2;37;31;38m0[38;2;90;48;53m0[38;2;143;64;69m1[38;2;142;64;69m1[38;2;107;53;59m0[38;2;61;39;45m0[38;2;33;30;37m0[38;2;24;27;34m1[38;2;44;46;53m0[38;2;74;77;82m0[38;2;59;61;67m0[38;2;31;34;40m0[38;2;24;27;34m01010010111100000001111000011010110000101100
[38;2;24;27;34m00001011100[38;2;28;28;35m0[38;2;50;35;42m0[38;2;93;49;54m0[38;2;132;61;66m1[38;2;135;62;67m1[38;2;85;46;52m1[38;2;37;31;38m1[38;2;25;27;34m0[38;2;24;27;34m1010[38;2;52;54;61m1[38;2;43;46;52m0[38;2;24;27;34m0010010011001100110110000001001001001111011111
[38;2;24;27;34m10100100[38;2;26;28;35m0[38;2;56;37;43m1[38;2;100;51;56m0[38;2;118;57;62m1[38;2;107;53;58m1[38;2;69;41;47m1[38;2;35;30;37m1[38;2;24;27;34m10100101100010011011010111001011101011010100101001010110
[38;2;24;27;34m01010[38;2;31;29;36m1[38;2;55;37;43m0[38;2;100;51;56m0[38;2;113;55;60m0[38;2;89;48;53m0[38;2;48;34;41m1[38;2;29;29;36m1[38;2;24;27;34m00010101000111010111010111000000101000100011010110010110111
[38;2;24;27;34m10[38;2;35;30;37m0[38;2;63;40;46m0[38;2;89;47;53m0[38;2;95;50;55m1[38;2;75;43;49m0[38;2;35;31;37m1[38;2;24;27;34m001011011111011100111001111110110000000010100100011111000011011
[38;2;69;41;47m0[38;2;83;46;51m0[38;2;78;44;50m1[38;2;54;37;43m0[38;2;33;30;37m1[38;2;24;27;34m011000100011010111000010000010001111100001010101011010000100101000
[0m
