[38;2;24;27;34m10111110110000011011011101001010101101110111110000100010100101001000010
[38;2;24;27;34m01011010011010101100100001000111111111111010110100110010111110110001011
[38;2;24;27;34m11101001111100101100001010010111001010011110110100111100011100110000110
[38;2;24;27;34m01100101011100110001111110100010110000100000101101100100001011011000110
[38;2;24;27;34m10000010101111110001110001000110101010111001110000111111101000011010011
[38;2;24;27;34m11001101100111110101001100010001010010010101111111001101001101011101010
[38;2;24;27;34m10010011101000010000100100101110000001100111011101111001000000000001101
[38;2;24;27;34m10010110010000010110101000101110101111100101111100000110100010111001101
[38;2;24;27;34m11111010111011011111011011001111111011100101111101000001010100001000101
[38;2;24;27;34m01001001110011010011111110000110001000010110111111110000011111010010110
[38;2;24;27;34m01110110000010101000101110110110000100111100000011110001010110111111000
[38;2;24;27;34m110100110011001001110011110100[38;2;25;28;34m1[38;2;27;29;34m0[38;2;27;29;35m0[38;2;24;27;34m10111101101110000010000001101011001011
[38;2;24;27;34m00001010110011010101000[38;2;28;31;38m1[38;2;60;62;68m0[38;2;77;80;85m0[38;2;78;80;85m0[38;2;124;126;130m1[38;2;144;146;149m1[38;2;167;168;171m1[38;2;191;191;193m1[38;2;133;134;138m1[38;2;25;28;34m1[38;2;30;31;36m0[38;2;25;27;34m0[38;2;24;27;34m110101101000001101110011101101110111
[38;2;24;27;34m01000011001001100101001[38;2;120;121;125m0[38;2;214;214;215m0[38;2;254;254;254m11[38;2;251;251;251m0[38;2;172;173;175m1[38;2;183;183;185m0[38;2;195;196;198m1[38;2;62;65;70m0[38;2;24;27;34m0[38;2;25;28;34m0[38;2;26;28;35m1[38;2;24;27;34m000010100011010110100110111000001110
[38;2;24;27;34m00010111010101011010[38;2;25;27;34m1[38;2;33;30;37m1[38;2;83;45;51m1[38;2;171;77;81m1[38;2;122;74;79m1[38;2;158;154;156m1[38;2;242;242;243m1[38;2;253;253;253m0[38;2;238;238;238m0[38;2;87;89;94m1[38;2;32;35;42m1[38;2;24;27;34m1001110100100111100010000111011010010010
[38;2;24;27;34m11000001011010010[38;2;25;27;34m1[38;2;43;33;39m1[38;2;84;46;52m1[38;2;134;61;66m0[38;2;160;69;74m0[38;2;131;60;65m1[38;2;81;45;51m0[38;2;64;40;46m0[38;2;33;33;40m1[38;2;115;117;121m0[38;2;98;100;104m0[38;2;53;55;62m0[38;2;24;27;34m101000010010101110001011111001011100001110
[38;2;24;27;34m000110111111101[38;2;37;31;38m1[38;2;90;48;53m0[38;2;143;64;69m0[38;2;142;64;68m0[38;2;107;53;59m1[38;2;62;39;45m0[38;2;33;30;36m1[38;2;26;29;36m0[38;2;36;39;45m0[38;2;30;33;39m1[38;2;24;27;34m0100100100000111100101101001010000101000011100
[38;2;24;27;34m00010011000[38;2;28;28;35m1[38;2;50;35;42m0[38;2;93;49;54m0[38;2;132;61;66m0[38;2;134;62;67m1[38;2;85;46;52m1[38;2;36;31;37m0[38;2;25;27;34m0[38;2;24;27;34m1[38;2;30;32;39m1[38;2;45;48;53m0[38;2;43;46;52m0[38;2;27;29;36m0[38;2;24;27;34m11100010010110001111000001001111100001100100100
[38;2;24;27;34m10011001[38;2;26;28;35m1[38;2;55;37;43m1[38;2;100;51;56m1[38;2;118;57;62m0[38;2;107;53;58m0[38;2;68;41;47m0[38;2;35;30;37m1[38;2;24;27;34m110[38;2;29;32;38m0[38;2;56;59;64m1[38;2;55;57;63m1[38;2;32;35;42m0[38;2;24;27;34m1100010001101100100001010100010001110000101000100
[38;2;24;27;34m11000[38;2;31;29;36m1[38;2;55;36;43m0[38;2;99;51;56m1[38;2;111;55;60m1[38;2;87;47;53m1[38;2;47;34;41m1[38;2;29;29;36m0[38;2;24;27;34m1001[38;2;28;31;37m1[38;2;79;82;87m1[38;2;76;77;83m1[38;2;36;39;45m1[38;2;24;27;34m000001111111011000100001100001011010110110010001011
[38;2;24;27;34m00[38;2;35;30;37m1[38;2;62;39;45m0[38;2;87;47;53m1[38;2;94;49;54m0[38;2;74;43;48m1[38;2;35;30;37m1[38;2;24;27;34m111000100[38;2;40;43;49m0[38;2;26;28;35m1[38;2;24;27;34m1010010001000011011010000100000100100010010010000011
[38;2;67;41;47m0[38;2;82;45;51m1[38;2;77;44;50m0[38;2;53;36;42m0[38;2;33;30;37m0[38;2;24;27;34m101111011100111000110011010110111111101111111011110000011100100010
[0m
