[38;2;24;27;34m11111010000110001111101101110100000100010010100110001101100001111011101
[38;2;24;27;34m01111010111011010011010111110110101000101010101000010000101111110000100
[38;2;24;27;34m11000000001011001011110010111111000001101100000111001100101010111000101
[38;2;24;27;34m00000000011100100001010001100101111110101100010110010111010111100101100
[38;2;24;27;34m01100010101001110101001111111011000100111110000101100111110010101110100
[38;2;24;27;34m10100010101010111101001001011111000010011101011101001001010111110000101
[38;2;24;27;34m01111000000100100000100000110001111100001001110010011011100111010111100
[38;2;24;27;34m01001110000000110000001111101011100110110101101110000000110101010010000
[38;2;24;27;34m01100100010001010000111101101010001010101001000110111010010011100001001
[38;2;24;27;34m11000101001011010011110101100011011101110001101001001100010001110010011
[38;2;24;27;34m01000001010100000100011000001110101100110010010010010101110011010010110
[38;2;24;27;34m001000110100011101101010101111[38;2;25;27;34m1[38;2;26;29;35m1[38;2;26;28;34m1[38;2;24;27;34m00110001001101011111010000110010110100
[38;2;24;27;34m00110000010011000110101[38;2;29;32;39m1[38;2;59;61;67m0[38;2;69;71;77m0[38;2;73;76;81m0[38;2;120;122;126m0[38;2;141;142;146m1[38;2;164;165;167m0[38;2;177;178;180m0[38;2;103;105;109m0[38;2;25;28;34m0[38;2;29;29;35m0[38;2;24;27;34m1110111011000001001101010001010111001
[38;2;24;27;34m0110110101110011000010[38;2;30;33;39m1[38;2;139;140;143m0[38;2;225;226;227m0[38;2;253;253;253m10[38;2;241;241;242m0[38;2;169;170;172m1[38;2;191;192;194m0[38;2;187;188;190m0[38;2;52;55;61m1[38;2;24;27;34m0[38;2;25;28;34m1[38;2;24;27;34m1001101100111001010101111000001011111
[38;2;24;27;34m01101101000100000011[38;2;25;27;34m0[38;2;33;30;37m1[38;2;91;49;54m0[38;2;168;78;83m0[38;2;118;84;88m0[38;2;175;174;176m1[38;2;251;251;251m1[38;2;253;253;253m0[38;2;227;227;229m1[38;2;80;83;88m1[38;2;31;34;41m0[38;2;24;27;34m0111100001100011110111001001111111101011
[38;2;24;27;34m10101001000000000[38;2;25;27;34m1[38;2;43;33;39m1[38;2;84;46;52m1[38;2;134;62;67m0[38;2;160;69;74m0[38;2;132;60;65m0[38;2;85;47;52m0[38;2;66;40;46m0[38;2;35;36;43m0[38;2;132;134;137m1[38;2;102;104;108m1[38;2;52;55;61m0[38;2;24;27;34m111111010101011010000010001111101110100010
[38;2;24;27;34m000101011010100[38;2;37;31;38m1[38;2;90;48;53m1[38;2;143;64;69m0[38;2;142;64;68m1[38;2;107;53;59m1[38;2;62;39;45m0[38;2;33;30;36m1[38;2;24;27;34m0010110110101011001110110110100101100110111011010
[38;2;24;27;34m11000110011[38;2;28;28;35m1[38;2;50;35;41m0[38;2;93;49;54m0[38;2;131;61;66m0[38;2;134;61;66m1[38;2;85;46;52m0[38;2;36;31;37m1[38;2;25;27;34m0[38;2;24;27;34m1010000000011010001000011110100100001001011001101110
[38;2;24;27;34m11010011[38;2;26;28;35m1[38;2;54;36;43m0[38;2;100;51;56m1[38;2;117;56;62m1[38;2;106;53;58m0[38;2;68;41;47m0[38;2;35;30;37m1[38;2;24;27;34m11[38;2;25;28;34m0[38;2;27;30;37m1[38;2;24;27;34m0100101011010111010000010111101101110101011010110001
[38;2;24;27;34m01111[38;2;30;29;36m1[38;2;54;36;42m0[38;2;96;50;55m0[38;2;109;54;59m1[38;2;86;47;53m1[38;2;47;34;41m1[38;2;29;29;36m0[38;2;24;27;34m001[38;2;25;28;35m1[38;2;35;38;44m1[38;2;35;38;45m1[38;2;27;29;36m0[38;2;24;27;34m0110101111101000010101000110010100100101011001101001
[38;2;24;27;34m11[38;2;34;30;37m0[38;2;61;39;45m0[38;2;86;46;52m0[38;2;92;48;54m1[38;2;73;42;48m0[38;2;35;30;37m1[38;2;24;27;34m00101[38;2;26;29;36m0[38;2;43;46;52m1[38;2;49;51;57m1[38;2;33;36;42m0[38;2;24;27;34m000101100100100000000010111001011110001110101010111000
[38;2;66;41;46m1[38;2;80;44;50m0[38;2;74;43;49m0[38;2;52;36;42m1[38;2;32;30;36m1[38;2;24;27;34m0110001[38;2;49;51;58m0[38;2;64;67;72m0[38;2;40;42;49m1[38;2;25;28;35m1[38;2;24;27;34m1001101011011000100111101100100111111000011011111011000
[0m
