[38;2;24;27;34m01000000110001000001000001101000000111111001011101111[38;2;28;31;38m0[38;2;50;53;59m0[38;2;60;62;68m0[38;2;33;36;43m1[38;2;24;27;34m00100010001011
[38;2;24;27;34m010101100101010011010000001001101000001111101001010[38;2;27;29;36m1[38;2;74;76;81m0[38;2;78;80;85m0[38;2;43;46;52m1[38;2;24;27;34m1111011010111001
[38;2;24;27;34m001101001000000000001111110001111011111111000000100[38;2;25;28;35m1[38;2;39;41;48m1[38;2;28;31;37m0[38;2;24;27;34m11101011000101011
[38;2;24;27;34m10000101001111010101101110111100001101100001100101101010000111000010101
[38;2;24;27;34m10110111111110011110001000111010011001110100110010100010010111000101011
[38;2;24;27;34m01010011100011001010010101101000001010000001010011001011001011101101110
[38;2;24;27;34m01010010101111011010000110100000100011110001001110001111110011110000001
[38;2;24;27;34m10000010111110011100110101011011111011001111111101101001010010001010010
[38;2;24;27;34m11101111101001110110010001111100010111101110010011111001010101010011100
[38;2;24;27;34m10101100010001001110001011010001101011011111001000010110010001110100000
[38;2;24;27;34m10101011001100110000010000011111111011101110000011101001101000000111011
[38;2;24;27;34m01010110100111111000001000110[38;2;25;28;34m1[38;2;26;28;35m0[38;2;28;29;35m0[38;2;27;28;35m0[38;2;24;27;34m00110100001001010101011100100011101100
[38;2;24;27;34m01111110110010100111110[38;2;30;33;40m1[38;2;57;59;65m0[38;2;61;63;69m1[38;2;70;73;78m1[38;2;115;117;121m1[38;2;136;138;141m0[38;2;162;163;166m1[38;2;171;172;174m0[38;2;85;88;92m0[38;2;28;29;35m0[38;2;30;30;36m0[38;2;24;27;34m0110100001010100100000010110111000111
[38;2;24;27;34m0110110101111100101001[38;2;36;39;45m0[38;2;151;152;155m1[38;2;232;232;233m0[38;2;250;250;251m0[38;2;252;252;252m0[38;2;226;227;227m0[38;2;170;172;174m1[38;2;201;202;203m1[38;2;180;180;183m0[38;2;44;47;53m0[38;2;24;27;34m1[38;2;27;28;35m0[38;2;25;27;34m1[38;2;24;27;34m001011000100100001101011111000111000
[38;2;24;27;34m11011000011101011111[38;2;25;27;34m0[38;2;33;30;37m1[38;2;98;51;57m0[38;2;161;78;82m1[38;2;119;95;100m0[38;2;190;191;193m1[38;2;254;254;254m10[38;2;214;214;216m1[38;2;75;78;83m0[38;2;30;33;40m1[38;2;24;27;34m0011110100110010001010101000100110111110
[38;2;24;27;34m01010011001000010[38;2;25;27;34m1[38;2;43;33;39m0[38;2;84;46;52m0[38;2;135;61;67m1[38;2;160;69;74m0[38;2;132;61;66m1[38;2;88;47;53m1[38;2;66;40;47m0[38;2;45;46;52m1[38;2;142;143;146m1[38;2;105;106;111m0[38;2;51;53;59m1[38;2;24;27;34m111000001101101101000011011100000000100001
[38;2;24;27;34m101011101001011[38;2;37;31;38m1[38;2;90;48;53m0[38;2;143;64;69m0[38;2;142;64;68m1[38;2;107;53;59m0[38;2;62;39;45m1[38;2;33;30;36m1[38;2;24;27;34m1011000101011010001011100011000111100000001111111
[38;2;24;27;34m01100100101[38;2;28;28;35m1[38;2;49;35;42m1[38;2;92;48;54m1[38;2;131;61;65m0[38;2;133;62;67m1[38;2;85;46;52m0[38;2;36;31;37m0[38;2;25;27;34m1[38;2;24;27;34m1111110101010101111101111010101111111011101110101000
[38;2;24;27;34m11100100[38;2;26;28;35m1[38;2;54;36;43m1[38;2;99;51;56m1[38;2;116;56;61m0[38;2;104;53;58m0[38;2;68;41;47m1[38;2;35;30;37m0[38;2;24;27;34m11110110100111011110110011101110011001100011001110111111
[38;2;24;27;34m11100[38;2;30;29;36m0[38;2;53;36;42m0[38;2;96;50;55m0[38;2;108;54;59m0[38;2;86;46;52m1[38;2;46;34;41m0[38;2;29;29;36m0[38;2;24;27;34m11011000011111111100010110001000001100010010100011011001000
[38;2;24;27;34m11[38;2;34;30;37m1[38;2;59;38;44m0[38;2;83;46;51m0[38;2;90;48;54m1[38;2;72;42;48m0[38;2;34;30;37m1[38;2;24;27;34m110001000011000101101010001001011110101100001111100111100110111
[38;2;63;39;45m0[38;2;77;44;49m0[38;2;73;43;49m0[38;2;50;35;42m0[38;2;32;30;36m0[38;2;24;27;34m100110[38;2;27;30;37m1[38;2;28;32;38m0[38;2;24;27;34m1111001000111100010101001011110001100110111111111011011001
[0m
