[38;2;24;27;34m1100110111111011101001101011001001001110100100111100[38;2;25;28;35m1[38;2;27;30;37m0[38;2;24;27;34m00010000110010110
[38;2;24;27;34m100011001011110000110110111101011001110101100100000[38;2;35;37;44m1[38;2;37;40;45m0[38;2;28;31;37m0[38;2;24;27;34m11100000000001101
[38;2;24;27;34m100110101111100100010110011100111001000011000000[38;2;25;28;35m1[38;2;39;42;48m1[38;2;52;54;60m0[38;2;34;37;44m1[38;2;25;28;35m1[38;2;24;27;34m101101101010000010
[38;2;24;27;34m0000001010110110010010001101101010000010100001[38;2;25;28;35m0[38;2;45;48;54m0[38;2;63;65;71m1[38;2;45;48;54m1[38;2;25;28;35m1[38;2;24;27;34m11101101010011001001
[38;2;24;27;34m010101101001100011101001101111110010100011100[38;2;29;32;39m0[38;2;93;95;100m1[38;2;61;63;68m1[38;2;28;30;37m1[38;2;24;27;34m1100111010110100000010
[38;2;24;27;34m01100101100001011111110001000110101110001100001111101111010111101101000
[38;2;24;27;34m00001001101101111011000110011001111010010101001010101101011111000000010
[38;2;24;27;34m00011001001111111101100101000100011111110111001011011000001101110000111
[38;2;24;27;34m11100011110000100010000011100100110111000110011010111010100010011101010
[38;2;24;27;34m11110011110001100100001110110001011000111011011000101011010011010111011
[38;2;24;27;34m10011010010101001010010011110111001101100010101011001011000111100110110
[38;2;24;27;34m10101010010101010101001011000[38;2;25;28;35m0[38;2;28;28;35m0[38;2;31;30;36m1[38;2;27;28;35m1[38;2;24;27;34m01101000000001110100000010111010100110
[38;2;24;27;34m10101101010010000100111[38;2;31;34;40m1[38;2;54;56;62m0[38;2;55;57;63m0[38;2;69;72;77m0[38;2;112;114;118m0[38;2;132;133;137m0[38;2;159;160;163m0[38;2;164;165;168m0[38;2;72;74;80m0[38;2;31;30;36m1[38;2;32;30;36m1[38;2;24;27;34m1011100010111101100100010001010111100
[38;2;24;27;34m0011101110001010000001[38;2;41;43;50m1[38;2;159;160;163m1[38;2;237;237;238m1[38;2;248;248;248m0[38;2;251;251;251m1[38;2;216;217;218m0[38;2;172;172;174m0[38;2;209;209;211m0[38;2;173;174;176m1[38;2;39;42;49m1[38;2;24;27;34m1[38;2;29;29;35m1[38;2;25;27;34m0[38;2;24;27;34m100010111001010111000001001010101001
[38;2;24;27;34m11101101110000010110[38;2;25;27;34m1[38;2;33;30;37m1[38;2;102;54;59m1[38;2;155;77;82m0[38;2;123;107;111m0[38;2;204;205;206m0[38;2;255;255;255m0[38;2;253;253;254m0[38;2;205;206;207m0[38;2;73;75;81m0[38;2;29;32;39m0[38;2;24;27;34m1101100100010001111010001101101000010011
[38;2;24;27;34m00110001110100101[38;2;25;27;34m1[38;2;43;33;39m0[38;2;84;46;52m1[38;2;135;62;67m0[38;2;160;69;74m0[38;2;133;61;66m0[38;2;91;48;54m1[38;2;65;40;46m0[38;2;57;60;66m1[38;2;147;149;151m0[38;2;107;108;113m0[38;2;49;51;58m1[38;2;24;27;34m000001010111110000111010111101110010010110
[38;2;24;27;34m111101111101001[38;2;36;31;38m1[38;2;90;48;53m1[38;2;142;64;69m0[38;2;141;63;68m0[38;2;107;53;59m1[38;2;62;39;45m1[38;2;33;30;36m0[38;2;24;27;34m1001100101111011000100110101001110101100001011111
[38;2;24;27;34m11011100010[38;2;28;28;35m0[38;2;48;35;41m0[38;2;91;48;54m1[38;2;129;60;66m0[38;2;132;61;66m0[38;2;85;46;51m0[38;2;36;30;37m1[38;2;25;27;34m1[38;2;24;27;34m1011000011111000011100011000100000101110011011100010
[38;2;24;27;34m01111111[38;2;26;28;34m0[38;2;54;36;42m0[38;2;97;50;56m1[38;2;114;55;61m1[38;2;103;52;58m0[38;2;68;41;47m0[38;2;34;30;37m0[38;2;24;27;34m11101101000000011101101101110110011111100111111111100010
[38;2;24;27;34m01010[38;2;30;29;36m0[38;2;52;36;42m0[38;2;93;49;55m1[38;2;107;53;58m0[38;2;84;46;51m1[38;2;46;34;41m1[38;2;29;29;35m0[38;2;24;27;34m01010111110101010100010011111100111100010100111111010100000
[38;2;24;27;34m10[38;2;33;30;36m1[38;2;58;37;44m0[38;2;81;45;50m0[38;2;88;47;53m0[38;2;71;42;48m1[38;2;34;30;37m0[38;2;24;27;34m110011001011010000010010111000110101010101000100010101110000011
[38;2;61;38;44m0[38;2;74;42;48m0[38;2;70;41;47m1[38;2;49;35;41m0[38;2;32;29;36m1[38;2;24;27;34m010010011110011110011011101101100011000011111110110011101111111011
[0m
