[38;2;24;27;34m10000010100010001101100001001000100111101110110010011000011101000001011
[38;2;24;27;34m00111100001000110111101111110110011000101101100110100111111010011101101
[38;2;24;27;34m00111111010010111001001011011101000011000001011110011100111001111101111
[38;2;24;27;34m01000010100000101110011100111111001111110000001010001011111111010000101
[38;2;24;27;34m00010010010010000011110101000110101100011000000110100111001110001000110
[38;2;24;27;34m11110001011100101000100010011110100100000000001001001000110010010000000
[38;2;24;27;34m00011000110011000011001001110101010011111001100000011010000000000011110
[38;2;24;27;34m11001011100000011011101110110000110111000001001001010011101011000111110
[38;2;24;27;34m11000110110000001111110101110001100111011111011101010100100101001111010
[38;2;24;27;34m1011011001010101001011101111100110[38;2;26;28;34m0[38;2;28;29;35m0[38;2;25;28;35m0[38;2;24;27;34m1100010011011110011000011101100100
[38;2;24;27;34m1100100001010[38;2;28;31;38m1[38;2;39;41;47m1[38;2;24;27;34m0011011111110101[38;2;26;29;36m1[38;2;39;42;48m0[38;2;54;57;63m1[38;2;61;64;70m1[38;2;63;65;70m1[38;2;44;43;49m1[38;2;34;30;37m0[38;2;27;28;35m1[38;2;24;27;34m01011001110110111011110010010000
[38;2;24;27;34m1010010111111[38;2;27;30;37m0[38;2;36;39;45m1[38;2;24;27;34m1111001111100[38;2;72;74;79m0[38;2;149;150;154m1[38;2;160;161;164m1[38;2;183;184;187m0[38;2;150;151;154m0[38;2;145;146;150m0[38;2;236;236;237m1[38;2;230;230;231m1[38;2;68;70;76m1[38;2;25;27;34m0[38;2;34;31;37m1[38;2;24;27;34m00000011100110000011100111111101
[38;2;24;27;34m010100011001111111100001001[38;2;54;46;52m0[38;2;154;131;135m1[38;2;194;194;195m1[38;2;250;250;250m0[38;2;255;255;255m0[38;2;251;251;252m1[38;2;238;238;238m0[38;2;174;175;178m0[38;2;66;69;75m0[38;2;24;27;34m11[38;2;25;28;34m1[38;2;24;27;34m00110011100110100110011000000010
[38;2;24;27;34m100111011011010000010011[38;2;28;28;35m0[38;2;61;38;45m0[38;2;114;55;60m0[38;2;173;74;78m0[38;2;164;71;76m0[38;2;97;59;64m1[38;2;134;135;138m0[38;2;229;230;231m1[38;2;196;197;198m0[38;2;97;99;104m0[38;2;25;28;35m0[38;2;24;27;34m101111001001010001010111111001100010
[38;2;24;27;34m000000000100001000100[38;2;29;28;35m0[38;2;56;37;43m1[38;2;112;54;60m0[38;2;151;66;71m1[38;2;132;61;65m1[38;2;87;47;52m1[38;2;44;33;40m0[38;2;31;29;36m1[38;2;26;28;35m1[38;2;32;34;41m0[38;2;41;43;50m1[38;2;29;32;39m1[38;2;24;27;34m11000010101110011100110100110000101000
[38;2;24;27;34m111111001111000101[38;2;28;28;35m1[38;2;57;38;44m0[38;2;94;49;54m0[38;2;121;58;63m0[38;2;107;53;59m0[38;2;62;39;45m1[38;2;28;28;35m0[38;2;24;27;34m1010111110000100011000001101011010111101000001
[38;2;24;27;34m00101001100111101[38;2;40;32;38m1[38;2;73;43;49m0[38;2;65;40;46m0[38;2;43;33;39m0[38;2;26;28;35m0[38;2;24;27;34m1000100111011110111110011101000111101011001110101
[38;2;24;27;34m00011001101011011010000011111001101011100001001110010010010011011001101
[38;2;24;27;34m10001100001111110110110001110[38;2;27;30;37m0[38;2;48;51;57m0[38;2;24;27;34m0011111000011100010110001001101111101100
[38;2;24;27;34m10100000000011001100000001111[38;2;25;28;35m1[38;2;30;33;40m0[38;2;24;27;34m1110001000011110001101010100000110101011
[38;2;24;27;34m10000011111111001110010111010000001010110010110010101000100011100111001
[38;2;24;27;34m11011101010011100010111100110101100000100100000000011000001101111001100
[0m
