[38;2;24;27;34m01011101011011100001001000010100011010101010011000000110010010100111101
[38;2;24;27;34m11000011010011000001010011100000011110000110111101111110011010110000111
[38;2;24;27;34m11010110101101110110111110010100110100101010001110010100001101000001110
[38;2;24;27;34m1101000110100111101001000100001111101001001010[38;2;28;31;38m0[38;2;30;33;39m0[38;2;25;28;35m0[38;2;24;27;34m0001011011000111111101
[38;2;24;27;34m10010100001011011010001001010101010010001000[38;2;29;32;39m1[38;2;44;47;52m1[38;2;34;37;43m1[38;2;25;28;35m1[38;2;24;27;34m01111100000001101010001
[38;2;24;27;34m100101110011000011000100100011100010000111[38;2;35;37;44m1[38;2;54;57;62m1[38;2;47;51;56m1[38;2;26;29;36m1[38;2;24;27;34m0011111011001001111011100
[38;2;24;27;34m1010011000101111001111011100001011011100[38;2;39;42;48m1[38;2;67;70;75m1[38;2;58;60;66m0[38;2;31;34;40m0[38;2;24;27;34m100101000110110000100010101
[38;2;24;27;34m001010000001100110101011101010111001110[38;2;29;32;38m1[38;2;79;80;86m1[38;2;39;42;48m0[38;2;24;27;34m10111010001010110010111001011
[38;2;24;27;34m11000111000011001000100111110100100110100101111111001100000100100110000
[38;2;24;27;34m00101110101100110010000111000011101110011101110000001101101110000100101
[38;2;24;27;34m00101101000111010111111101000111000011011001001000110011001111011100111
[38;2;24;27;34m11110111110011111011001000100[38;2;26;28;35m0[38;2;29;29;36m0[38;2;31;29;36m0[38;2;27;28;35m0[38;2;24;27;34m10000111111011010000100001000100110011
[38;2;24;27;34m01000000000101111101101[38;2;31;34;41m1[38;2;52;54;61m1[38;2;52;55;60m0[38;2;69;71;76m1[38;2;110;112;117m1[38;2;129;131;134m0[38;2;157;158;160m0[38;2;159;161;163m1[38;2;64;66;71m1[38;2;32;30;37m10[38;2;24;27;34m1110010001100100001000100101111111001
[38;2;24;27;34m1101100011001110010010[38;2;45;48;54m1[38;2;165;166;169m1[38;2;238;239;239m0[38;2;246;246;246m1[38;2;251;251;251m1[38;2;212;212;213m1[38;2;170;171;173m0[38;2;216;216;217m0[38;2;168;169;172m0[38;2;37;39;46m0[38;2;24;27;34m0[38;2;30;30;36m0[38;2;24;27;34m1010110111011101011111110110110010101
[38;2;24;27;34m10101100010010000111[38;2;25;27;34m0[38;2;33;30;37m0[38;2;105;55;59m1[38;2;153;78;82m0[38;2;129;116;120m0[38;2;212;212;214m0[38;2;255;255;255m1[38;2;253;253;253m0[38;2;200;200;202m1[38;2;72;75;80m0[38;2;29;32;39m1[38;2;24;27;34m0101000100111011010110101110101011011110
[38;2;24;27;34m11000001000111000[38;2;25;27;34m1[38;2;43;33;39m1[38;2;84;46;52m0[38;2;135;62;66m0[38;2;160;69;74m0[38;2;133;61;66m1[38;2;93;49;55m0[38;2;64;39;46m1[38;2;65;67;73m1[38;2;150;151;155m0[38;2;108;110;114m1[38;2;47;50;56m0[38;2;24;27;34m010000110110101101100000100001000110100010
[38;2;24;27;34m010010010000011[38;2;36;31;38m0[38;2;90;48;53m0[38;2;142;64;69m1[38;2;140;63;68m1[38;2;107;53;59m0[38;2;61;39;45m0[38;2;33;30;36m0[38;2;24;27;34m0111001110100110111101010111000111111101010010110
[38;2;24;27;34m01011011110[38;2;28;28;35m1[38;2;48;35;41m0[38;2;90;47;53m1[38;2;129;60;65m0[38;2;131;61;66m1[38;2;83;46;51m1[38;2;36;30;37m0[38;2;25;27;34m0[38;2;24;27;34m1110001111010001111011011100010011011101100000100111
[38;2;24;27;34m10011011[38;2;26;28;35m1[38;2;52;36;42m0[38;2;96;49;55m0[38;2;113;55;60m1[38;2;103;51;57m0[38;2;67;40;47m0[38;2;34;30;37m1[38;2;24;27;34m01110010001011000100000101101011001001101001010010011100
[38;2;24;27;34m11011[38;2;30;29;36m1[38;2;50;35;42m1[38;2;91;49;54m1[38;2;104;53;58m1[38;2;83;45;51m0[38;2;45;34;40m1[38;2;29;29;35m1[38;2;24;27;34m00101011110001101110110000111010010111110111110100111111011
[38;2;24;27;34m01[38;2;32;29;36m0[38;2;57;37;44m1[38;2;78;44;50m0[38;2;84;46;51m0[38;2;69;41;47m1[38;2;33;30;36m1[38;2;24;27;34m100010111000100011110110011101101100100000011110100010101001100
[38;2;59;38;44m0[38;2;70;42;47m0[38;2;68;41;46m0[38;2;48;35;41m1[38;2;31;29;36m0[38;2;24;27;34m000000111111111101100100010010010101100000110111000100111000101101
[0m
