[38;2;24;27;34m00001010111001001001000100111001111100000000100001100011011111000110100
[38;2;24;27;34m10111110001000001101001100011001110001111011000011101100100001100101000
[38;2;24;27;34m01100001100111011000001000010011111111110101100001001101110001111000010
[38;2;24;27;34m00010010111100111000010110100010110111100110101010100011111011011111110
[38;2;24;27;34m10000011001011010110000111100001001110100000101111000100111101101111001
[38;2;24;27;34m00001110010101000010111000110100010101011[38;2;25;28;35m1[38;2;25;28;34m1[38;2;24;27;34m1111110111001000011111111000
[38;2;24;27;34m000010010111100001011100000100010001100[38;2;25;28;35m1[38;2;34;38;44m0[38;2;31;34;40m1[38;2;25;28;34m0[38;2;24;27;34m0011111000010000010101010000
[38;2;24;27;34m1011000111011000001011101100011001010[38;2;27;30;37m1[38;2;43;46;52m1[38;2;45;48;54m0[38;2;28;31;38m1[38;2;24;27;34m011011010010110110001110111011
[38;2;24;27;34m00101000011001001101000100111011010[38;2;27;30;37m0[38;2;52;55;60m0[38;2;58;61;65m0[38;2;35;38;44m0[38;2;24;27;34m01011100010011111011000011111011
[38;2;24;27;34m110100100111000000100101010010011[38;2;25;28;34m1[38;2;74;76;81m1[38;2;83;85;89m1[38;2;42;44;50m0[38;2;25;28;35m0[38;2;24;27;34m101111111001110110010101101011001
[38;2;24;27;34m1011110001011100001011101010001101[38;2;33;36;43m0[38;2;26;29;36m1[38;2;24;27;34m11111000101100000101100011010011110
[38;2;24;27;34m10000100010010011101101000110[38;2;26;28;35m1[38;2;29;29;35m1[38;2;31;29;36m1[38;2;26;28;35m1[38;2;24;27;34m00101101101010011010101001110110110111
[38;2;24;27;34m11001111000000001001110[38;2;32;34;41m0[38;2;51;54;60m1[38;2;51;53;60m1[38;2;69;71;77m1[38;2;110;112;116m1[38;2;129;130;134m0[38;2;156;157;160m0[38;2;157;158;161m1[38;2;59;62;67m0[38;2;32;30;36m1[38;2;31;30;36m1[38;2;24;27;34m0001000110111111011001000001100010011
[38;2;24;27;34m0011111111011011100101[38;2;48;50;57m1[38;2;169;170;172m1[38;2;239;239;240m1[38;2;245;245;245m0[38;2;251;251;251m0[38;2;211;211;212m0[38;2;169;170;172m1[38;2;214;215;216m0[38;2;166;166;169m1[38;2;35;38;44m1[38;2;24;27;34m0[38;2;30;29;35m1[38;2;24;27;34m1100010101010001000111110111001100000
[38;2;24;27;34m11000000010101000001[38;2;25;27;34m0[38;2;34;30;37m0[38;2;107;56;61m1[38;2;150;78;82m0[38;2;133;121;124m1[38;2;215;215;216m1[38;2;255;255;255m0[38;2;253;253;253m1[38;2;195;196;198m0[38;2;71;74;79m0[38;2;29;32;38m1[38;2;24;27;34m1011000100000000100110000000110011000110
[38;2;24;27;34m11000010101011011[38;2;25;27;34m0[38;2;43;33;39m0[38;2;84;46;52m0[38;2;135;62;67m1[38;2;160;69;74m0[38;2;132;61;66m0[38;2;94;49;55m0[38;2;63;39;45m0[38;2;68;70;76m1[38;2;150;152;155m0[38;2;108;110;114m1[38;2;46;49;55m0[38;2;24;27;34m001111001011111001010100110110110010111000
[38;2;24;27;34m000101111011110[38;2;36;31;37m1[38;2;90;48;53m1[38;2;142;64;69m1[38;2;140;63;68m0[38;2;106;53;59m0[38;2;60;39;45m0[38;2;33;30;37m1[38;2;24;27;34m0010001110000000101110111011010101001111001001011
[38;2;24;27;34m11110011010[38;2;28;28;35m0[38;2;48;34;41m0[38;2;89;47;53m1[38;2;127;60;64m0[38;2;130;60;65m0[38;2;82;45;51m0[38;2;36;31;37m1[38;2;25;27;34m1[38;2;24;27;34m1001100110001100010010010110100110101101000000101000
[38;2;24;27;34m01001000[38;2;26;28;34m1[38;2;52;36;42m0[38;2;95;49;54m1[38;2;112;55;60m1[38;2;101;51;56m1[38;2;66;40;46m0[38;2;33;30;37m0[38;2;24;27;34m10010111001000010010001100000001000011010111010110110101
[38;2;24;27;34m11001[38;2;30;29;36m0[38;2;49;35;41m0[38;2;90;48;53m0[38;2;102;52;57m0[38;2;80;44;50m1[38;2;44;33;40m0[38;2;28;29;35m1[38;2;24;27;34m00001011100011111100010011001111010010000111100010010111001
[38;2;24;27;34m01[38;2;31;29;36m0[38;2;54;37;42m0[38;2;75;43;49m1[38;2;82;45;51m0[38;2;67;41;47m0[38;2;32;30;36m1[38;2;24;27;34m111111101001110110000000010011011010101000110011010011101101011
[38;2;56;37;43m1[38;2;66;40;46m0[38;2;64;39;45m0[38;2;46;34;40m0[38;2;30;29;36m1[38;2;24;27;34m010111101100101001101000110101000000010001001101101010011100101100
[0m
