[38;2;24;27;34m11010101101100011100001000100101000101011110011001100110100011011100000
[38;2;24;27;34m00110000000010100000100101101111011001011010001100101010111001000100001
[38;2;24;27;34m01001110111000111101011100000000000011100011011001011100000000111111110
[38;2;24;27;34m00101110110111100100010011111001100011011000000010010111010001100000101
[38;2;24;27;34m01011101111011101000010010001111000000011111000111100010101010110110010
[38;2;24;27;34m01100111111110100101100110110110110001100001101100011010000000100011000
[38;2;24;27;34m00010010001101100000010000101011100010010111100101111101001100101001011
[38;2;24;27;34m10100101001111011000111111010101100111001101111110101100111101000110100
[38;2;24;27;34m11000111010101100011101010001100110[38;2;28;31;38m0[38;2;27;30;37m1[38;2;24;27;34m1110111010000011001001001000010001
[38;2;24;27;34m010001010100010110000100011101100[38;2;32;35;42m1[38;2;41;44;50m1[38;2;30;33;39m0[38;2;24;27;34m11000111011101001101010001101111111
[38;2;24;27;34m100000111101111101000101000111[38;2;25;28;35m1[38;2;38;41;47m0[38;2;53;56;62m0[38;2;40;43;49m0[38;2;24;27;34m1110110101001001001100101101111000110
[38;2;24;27;34m11111001010101001001111111110[38;2;41;43;48m0[38;2;70;72;76m1[38;2;53;55;60m0[38;2;29;31;37m0[38;2;24;27;34m00101010101100100001011101111100101000
[38;2;24;27;34m11000001110011101001111[38;2;32;35;41m0[38;2;52;55;61m1[38;2;51;54;60m0[38;2;70;72;78m1[38;2;113;115;119m1[38;2;155;156;159m1[38;2;197;198;200m0[38;2;162;163;166m0[38;2;59;61;67m0[38;2;30;29;35m0[38;2;28;29;35m1[38;2;24;27;34m1110111111000010111110010001100000111
[38;2;24;27;34m1000011000010111100100[38;2;49;52;58m0[38;2;169;170;173m1[38;2;240;240;240m1[38;2;245;246;246m1[38;2;251;251;251m1[38;2;214;214;216m0[38;2;168;170;172m0[38;2;209;210;211m1[38;2;164;165;167m0[38;2;35;38;44m0[38;2;24;27;34m0[38;2;27;29;35m1[38;2;24;27;34m1011001011010000110010011101010000001
[38;2;24;27;34m10101011010001110100[38;2;25;27;34m0[38;2;34;30;37m1[38;2;109;57;62m1[38;2;150;77;82m0[38;2;132;120;124m0[38;2;214;214;215m0[38;2;255;255;255m1[38;2;253;253;253m0[38;2;194;195;196m1[38;2;70;72;77m0[38;2;28;31;38m1[38;2;24;27;34m1111101000001010100100001000011011010000
[38;2;24;27;34m01101001010101001[38;2;25;27;34m0[38;2;43;33;40m0[38;2;84;46;52m1[38;2;135;62;67m0[38;2;160;70;74m0[38;2;130;60;65m1[38;2;92;49;54m0[38;2;61;39;45m0[38;2;67;70;75m1[38;2;147;149;152m1[38;2;105;107;112m1[38;2;45;48;54m0[38;2;24;27;34m110011001010110101111010101011001100110101
[38;2;24;27;34m111000101001100[38;2;36;31;38m0[38;2;90;48;53m1[38;2;141;64;69m1[38;2;139;63;68m0[38;2;103;52;57m0[38;2;59;38;45m0[38;2;33;30;37m0[38;2;24;27;34m1100101001011000111001000000010101100001110100111
[38;2;24;27;34m00110001100[38;2;28;28;35m1[38;2;48;34;41m1[38;2;88;47;52m0[38;2;126;59;64m1[38;2;128;60;65m0[38;2;80;44;50m0[38;2;35;30;37m1[38;2;25;27;34m1[38;2;24;27;34m0110101000111101111100111000101100100100110100110110
[38;2;24;27;34m01111111[38;2;26;28;34m0[38;2;51;35;42m1[38;2;93;49;54m0[38;2;108;54;59m0[38;2;98;50;56m0[38;2;64;39;46m0[38;2;32;30;36m0[38;2;24;27;34m00100001000101111110010000101011000100100001111111000100
[38;2;24;27;34m10101[38;2;29;29;36m1[38;2;48;35;41m0[38;2;88;47;53m0[38;2;99;50;56m0[38;2;77;44;50m0[38;2;43;33;39m1[38;2;28;28;35m0[38;2;24;27;34m00111000011011110011100100101110011101001101001111011001100
[38;2;24;27;34m00[38;2;31;29;36m1[38;2;52;36;42m1[38;2;72;42;48m1[38;2;78;44;50m1[38;2;64;40;46m0[38;2;31;29;36m1[38;2;24;27;34m101110100101010000001100010001111100111001100010010010111100000
[38;2;54;36;43m1[38;2;61;39;45m1[38;2;60;38;44m0[38;2;43;33;40m1[38;2;29;29;36m1[38;2;24;27;34m100101001001000111001011110001011110110110100111000011110001001001
[0m
