[38;2;24;27;34m01010110101111001110111100111111100111011010010011100000010000001001110
[38;2;24;27;34m01001101001110010100010110111011111011101001100100001111000111001011101
[38;2;24;27;34m10010011100101010000000001110111101111101011010000011010001000010110011
[38;2;24;27;34m10111000000010101001101110011001000101011100000100101111000000010001100
[38;2;24;27;34m10011010000011110010100100000001110011111001110001101010111111001101010
[38;2;24;27;34m00100111101001000110100010101110001001000011001010100001011110111011010
[38;2;24;27;34m10011110000000000001000111001101100100111011110010110111100010110010111
[38;2;24;27;34m00000110001110011001111101000001000101011111000111101100010000111101001
[38;2;24;27;34m11101010100000011010101101111101001111011010000011000110111110010010100
[38;2;24;27;34m00101000111110110100100100010100110111000101111110001111111011000111001
[38;2;24;27;34m000000011010011011010011011101[38;2;25;28;35m1[38;2;24;27;34m101010001110111001100101011001101110000[38;2;29;32;39m0
[38;2;24;27;34m1111011010000000011010110100[38;2;26;29;36m0[38;2;35;37;44m1[38;2;30;32;39m1[38;2;24;27;34m11110100110110110111100010010010010001[38;2;67;70;75m0[38;2;86;89;93m1
[38;2;24;27;34m00111110100011100010110[38;2;32;35;41m1[38;2;53;56;62m0[38;2;53;55;62m1[38;2;72;74;79m1[38;2;119;121;124m1[38;2;150;151;154m1[38;2;164;165;168m11[38;2;65;68;73m1[38;2;24;27;34m0001101111001001001111000001111011001[38;2;27;30;37m0[38;2;26;29;36m0
[38;2;24;27;34m0111011011001010001111[38;2;46;48;54m0[38;2;165;166;169m0[38;2;239;239;240m1[38;2;247;247;247m1[38;2;252;252;252m1[38;2;224;224;225m0[38;2;171;172;175m1[38;2;197;199;200m0[38;2;166;167;169m1[38;2;36;39;45m1[38;2;24;27;34m111101110100000010000001000100101001111
[38;2;24;27;34m01101110100001110101[38;2;25;27;34m1[38;2;35;30;37m0[38;2;108;56;61m1[38;2;159;83;88m0[38;2;150;134;138m0[38;2;209;210;211m1[38;2;255;255;255m0[38;2;253;253;253m1[38;2;195;196;198m1[38;2;69;71;77m1[38;2;29;31;38m0[38;2;24;27;34m0111111110110101001001010101110101100100
[38;2;24;27;34m10000101011011011[38;2;25;27;34m0[38;2;44;33;40m0[38;2;85;46;52m1[38;2;135;62;67m0[38;2;159;70;74m1[38;2;128;59;65m0[38;2;91;48;54m1[38;2;61;39;45m0[38;2;61;64;70m1[38;2;143;144;147m1[38;2;101;103;108m1[38;2;44;47;53m0[38;2;24;27;34m101011101100100111001110101011000110110110
[38;2;24;27;34m000101000101000[38;2;36;31;38m0[38;2;90;48;53m1[38;2;140;64;69m1[38;2;136;62;67m0[38;2;102;52;57m0[38;2;58;38;44m1[38;2;32;30;36m0[38;2;24;27;34m1010101001110001000100110100000011101100101000100
[38;2;24;27;34m11111001001[38;2;28;28;35m0[38;2;48;34;41m1[38;2;87;47;52m0[38;2;124;58;63m0[38;2;125;59;64m1[38;2;78;44;50m0[38;2;33;30;37m1[38;2;25;27;34m1[38;2;24;27;34m0100011100001110100001100011001001001011110011111110
[38;2;24;27;34m01001101[38;2;26;27;34m0[38;2;51;35;42m0[38;2;89;48;53m0[38;2;106;53;58m0[38;2;95;49;55m1[38;2;62;39;45m0[38;2;31;29;36m1[38;2;24;27;34m11010110010111110011010100000100100000100101101100011111
[38;2;24;27;34m11111[38;2;29;29;36m1[38;2;47;34;40m1[38;2;84;46;52m0[38;2;93;50;55m1[38;2;74;43;49m1[38;2;41;32;39m1[38;2;27;28;35m1[38;2;24;27;34m00001001111011001010101111100010010010110100000111101000000
[38;2;24;27;34m11[38;2;31;29;36m1[38;2;50;35;41m0[38;2;67;41;47m0[38;2;74;42;49m0[38;2;62;39;45m1[38;2;30;29;35m1[38;2;24;27;34m010111000101001110101111110101001001100100000011011000101011111
[38;2;50;35;41m1[38;2;58;37;44m0[38;2;56;37;43m1[38;2;42;33;39m1[38;2;29;29;35m1[38;2;24;27;34m100111011101010000100010001101001111001100101111000110001010000011
[0m
