[38;2;24;27;34m10110010001101001111000100101101010011101110110101100111110100101010010
[38;2;24;27;34m00101110001101011010010010110011000001011011101101111000000000100101001
[38;2;24;27;34m10011110101110110010001001111001110111110110111101101100111111100100100
[38;2;24;27;34m10110011100110001101110011010001000101011011110001111100010010010111100
[38;2;24;27;34m01110111010000000100011001011001010111111000101011010110010000100110101
[38;2;24;27;34m00110011011100010010011011101111110001000101100000111010111100011000010
[38;2;24;27;34m10011110000001111011000111001011111011110110000010010000010101001001101
[38;2;24;27;34m11111111011010100111100000010010100111011001100011000011111001010100011
[38;2;24;27;34m01101010110110110110010010000111111101101110000010001101101101011101101
[38;2;24;27;34m01111110100110111011100000000110100000000001110011111011100100010111010
[38;2;24;27;34m1010011011010100100110100111011001010000010011000101011110101101001110[38;2;29;32;39m1
[38;2;24;27;34m00011101100101111101001001010101001011110101011000111100111110001011[38;2;33;36;42m0[38;2;44;46;52m1[38;2;33;35;42m0
[38;2;24;27;34m00001110101101001001001[38;2;30;33;39m0[38;2;53;55;61m0[38;2;55;58;64m0[38;2;71;73;79m0[38;2;119;121;125m0[38;2;140;142;145m0[38;2;163;164;167m1[38;2;169;170;173m0[38;2;80;82;87m0[38;2;24;27;34m110110010111011010111111011111010[38;2;24;28;34m1[38;2;37;40;46m0[38;2;56;59;64m1[38;2;44;46;52m1[38;2;25;28;35m1[38;2;24;27;34m0
[38;2;24;27;34m1110100010011111010100[38;2;39;42;48m0[38;2;154;155;158m0[38;2;234;234;235m1[38;2;248;248;249m1[38;2;251;252;252m0[38;2;244;244;244m1[38;2;170;171;173m0[38;2;184;185;187m1[38;2;175;176;178m1[38;2;41;44;50m1[38;2;24;27;34m0111110001001100000101010011010[38;2;25;28;35m0[38;2;48;50;57m0[38;2;69;72;77m1[38;2;55;58;64m1[38;2;28;31;38m1[38;2;24;27;34m011
[38;2;24;27;34m10010001010001001111[38;2;25;27;34m1[38;2;33;30;37m0[38;2;102;54;59m1[38;2;163;81;85m0[38;2;125;105;108m0[38;2;197;197;199m0[38;2;255;255;255m1[38;2;253;253;253m0[38;2;201;202;203m0[38;2;70;72;78m1[38;2;30;32;39m0[38;2;24;27;34m01100111000100111000010110110100[38;2;28;31;37m1[38;2;72;74;79m0[38;2;36;39;45m1[38;2;24;27;34m00001
[38;2;24;27;34m11001010000111000[38;2;25;27;34m0[38;2;42;33;39m0[38;2;82;45;51m0[38;2;136;64;69m1[38;2;160;70;75m0[38;2;130;60;65m0[38;2;89;47;53m1[38;2;65;40;46m0[38;2;50;52;58m1[38;2;137;138;142m1[38;2;97;99;104m0[38;2;45;47;54m0[38;2;24;27;34m100011010111001011111000100001110011000010
[38;2;24;27;34m101110010101000[38;2;34;30;37m0[38;2;88;47;53m1[38;2;136;62;67m1[38;2;147;73;77m0[38;2;142;93;97m1[38;2;77;57;62m1[38;2;34;31;37m0[38;2;24;27;34m1000100100010100010011010111000010110111011111000
[38;2;24;27;34m11111111011[38;2;27;28;35m0[38;2;46;34;41m0[38;2;84;46;52m0[38;2;121;57;62m0[38;2;124;58;63m0[38;2;78;44;50m1[38;2;59;55;61m0[38;2;90;91;96m1[38;2;29;31;38m1[38;2;24;27;34m010010011010111111111101011010011001111100001110101
[38;2;24;27;34m00101101[38;2;25;27;34m0[38;2;48;34;41m1[38;2;86;47;52m0[38;2;102;52;57m1[38;2;93;49;54m0[38;2;62;39;45m1[38;2;31;29;36m1[38;2;24;27;34m01010101101110100001011001101100101001110010111011100110
[38;2;24;27;34m01101[38;2;28;28;35m0[38;2;44;33;40m0[38;2;79;44;50m1[38;2;90;48;53m1[38;2;72;42;48m0[38;2;41;32;39m1[38;2;27;28;35m0[38;2;24;27;34m01000001010101000010110000100011010000110010000111101010010
[38;2;24;27;34m11[38;2;29;28;35m1[38;2;47;34;40m0[38;2;64;39;45m1[38;2;69;41;47m1[38;2;59;38;44m0[38;2;29;29;35m1[38;2;24;27;34m101111011011111000101100011001101001110111001111110101100011100
[38;2;44;33;39m1[38;2;53;36;42m1[38;2;52;35;42m0[38;2;40;32;38m0[38;2;28;28;35m1[38;2;24;27;34m100000101110100011101101001101111110111101100010100110010110101010
[0m
