[38;2;24;27;34m01100111001000011110010001111100000111111110110010101101010101100100101
[38;2;24;27;34m11100100100110111010111101100001100010100011001000101001110100110110111
[38;2;24;27;34m10100010000110100011111111101100000110001101110100010101010100100001110
[38;2;24;27;34m01000001010000101001110010011011001011110110100010011110011011010111101
[38;2;24;27;34m11000010101000100110010010100110010011111110001000110101110100011001110
[38;2;24;27;34m01011010110000101011001110101001011001000110101110010101000011000000101
[38;2;24;27;34m10001101011000010100011001101101010000000111010100000101010010100101010
[38;2;24;27;34m11001111011101000110110000101000101001010011011001001111100011010101001
[38;2;24;27;34m00010011111000111101110101110101000110001101010110111101101101110001100
[38;2;24;27;34m11000111110101011111011101010001011010010100001010111000010011110000000
[38;2;24;27;34m01001001010010110000101111000010111111101011110100001110100011001111110
[38;2;24;27;34m11110010111001111001000110001111110000111101010100001011001010011101000
[38;2;24;27;34m01100001000111001010111[38;2;27;30;37m0[38;2;47;49;56m1[38;2;54;57;63m0[38;2;65;67;73m0[38;2;115;116;120m0[38;2;144;145;148m0[38;2;162;163;166m0[38;2;172;173;175m1[38;2;101;103;107m0[38;2;24;27;34m011100011100101101000111110011101[38;2;25;28;35m1[38;2;26;30;36m1[38;2;24;27;34m0110
[38;2;24;27;34m0101001010011101110111[38;2;29;32;38m0[38;2;130;132;136m1[38;2;222;223;224m1[38;2;248;248;248m0[38;2;250;250;250m1[38;2;255;255;255m1[38;2;181;182;184m0[38;2;173;173;175m0[38;2;189;190;192m0[38;2;55;58;64m0[38;2;24;27;34m0111110001010100111100000000011[38;2;25;28;35m1[38;2;35;38;44m0[38;2;35;38;45m1[38;2;27;30;37m0[38;2;24;27;34m1100
[38;2;24;27;34m10111001111111001101[38;2;25;27;34m1[38;2;31;29;36m1[38;2;86;47;53m1[38;2;166;80;84m1[38;2;119;88;92m0[38;2;182;181;183m1[38;2;252;252;252m0[38;2;253;253;253m0[38;2;217;218;219m0[38;2;79;81;86m1[38;2;33;35;42m1[38;2;24;27;34m111100100000110010110011010110[38;2;25;28;35m0[38;2;40;43;50m1[38;2;51;53;58m0[38;2;33;35;42m0[38;2;24;27;34m000100
[38;2;24;27;34m101111011100000011[38;2;38;31;38m0[38;2;76;43;49m0[38;2;126;59;65m0[38;2;156;68;73m0[38;2;136;62;67m1[38;2;91;48;54m0[38;2;70;42;48m0[38;2;36;37;43m1[38;2;128;130;133m0[38;2;94;97;101m0[38;2;47;50;56m1[38;2;24;27;34m010110000001110101001000010111[38;2;25;28;35m1[38;2;47;51;57m0[38;2;63;65;71m1[38;2;43;45;51m0[38;2;24;27;34m00010100
[38;2;24;27;34m101000101110001[38;2;30;29;36m0[38;2;78;44;49m1[38;2;131;60;66m1[38;2;143;70;74m1[38;2;112;57;63m1[38;2;63;39;46m1[38;2;35;30;37m0[38;2;24;27;34m011100000110001101101101000010010111[38;2;35;38;45m0[38;2;99;100;105m1[38;2;53;55;61m1[38;2;26;29;36m0[38;2;24;27;34m000001001
[38;2;24;27;34m11010100101[38;2;25;27;34m1[38;2;41;33;39m1[38;2;75;43;49m1[38;2;114;55;60m0[38;2;126;60;65m1[38;2;98;61;65m1[38;2;60;54;59m1[38;2;33;35;42m0[38;2;24;27;34m0011000001111001100111100100010110100111[38;2;25;28;35m0[38;2;24;27;34m11011001111
[38;2;24;27;34m001101010[38;2;41;32;39m1[38;2;79;44;50m1[38;2;98;50;56m1[38;2;93;49;55m0[38;2;65;40;46m0[38;2;55;52;57m1[38;2;60;63;68m0[38;2;41;44;50m1[38;2;25;28;35m0[38;2;24;27;34m00110100000110001010011000001110100111001111001001011
[38;2;24;27;34m01001[38;2;27;28;35m1[38;2;38;31;38m0[38;2;72;42;48m1[38;2;85;46;51m0[38;2;74;43;49m0[38;2;42;33;39m0[38;2;28;28;35m0[38;2;56;58;64m1[38;2;89;91;96m1[38;2;50;52;58m0[38;2;26;29;36m0[38;2;24;27;34m1110010111100000110111001000100101010010011010010110000
[38;2;24;27;34m01[38;2;27;28;35m0[38;2;42;33;39m0[38;2;57;37;43m1[38;2;63;39;45m1[38;2;59;38;44m1[38;2;31;29;36m1[38;2;24;27;34m0111[38;2;31;34;40m1[38;2;31;34;41m0[38;2;24;27;34m110000001100001000011111111110100111110011000010011001110
[38;2;36;30;37m1[38;2;46;33;40m0[38;2;49;35;41m0[38;2;39;32;38m1[38;2;29;29;36m0[38;2;24;27;34m101010010101011010010011001011111110100111111011110111110110111101
[0m
