[38;2;24;27;34m11100001001001010111010110100011011000001000111101000000100011100100100
[38;2;24;27;34m00011111001100101101001001001100101011111101010101000010100011111010110
[38;2;24;27;34m10000001110000011110111010110001111000010001101010001100011110110111011
[38;2;24;27;34m01000011111100101010100110111010101000100111011110000001101110010110011
[38;2;24;27;34m00110110001100110000110101001100101011111111000101000010111100011011111
[38;2;24;27;34m01100101010010101001111101110011011000010001110110110011011110000100010
[38;2;24;27;34m00011101110110111010100110000111101111110110000000011111010110100101100
[38;2;24;27;34m01110010111101000101001000011110000000101011100101110101111100011010011
[38;2;24;27;34m10101111001010111101011010001010110001101101000101010100000000010100100
[38;2;24;27;34m11100111111000010110111101110001111000001111101100010110111000111011000
[38;2;24;27;34m01100000111110010010001111011101001101011010000100101000001100001111101
[38;2;24;27;34m0010110111011010110111001011110[38;2;25;28;34m1[38;2;25;28;35m0[38;2;24;27;34m00100100111111010000110000000110100101
[38;2;24;27;34m110110000100001010011001[38;2;38;41;48m0[38;2;50;52;59m0[38;2;58;60;66m0[38;2;106;108;112m1[38;2;143;144;148m1[38;2;162;163;166m0[38;2;172;173;176m1[38;2;131;133;136m1[38;2;24;27;34m1[38;2;25;28;35m1[38;2;24;27;34m0011101001001000000010001110100000100
[38;2;24;27;34m01101010100000101000110[38;2;96;98;102m1[38;2;201;202;203m0[38;2;244;245;245m1[38;2;247;247;248m1[38;2;255;255;255m0[38;2;210;210;211m1[38;2;171;172;174m0[38;2;189;190;192m1[38;2;78;80;85m1[38;2;24;27;34m001010111001010000111101001011101111001
[38;2;24;27;34m111110000100011010110[38;2;29;29;36m1[38;2;67;40;46m0[38;2;163;78;83m0[38;2;121;78;82m0[38;2;169;167;169m0[38;2;245;245;246m0[38;2;252;252;252m0[38;2;229;229;230m1[38;2;92;94;99m0[38;2;37;40;46m1[38;2;24;27;34m1001101110001101001000110111101000011100
[38;2;24;27;34m011010101010111000[38;2;33;29;36m0[38;2;66;40;46m0[38;2;117;56;61m1[38;2;152;67;72m1[38;2;144;64;69m0[38;2;97;50;56m0[38;2;78;44;50m0[38;2;37;34;41m1[38;2;112;113;118m1[38;2;91;93;98m0[38;2;46;49;55m0[38;2;24;27;34m110011101111001111010110101001[38;2;26;29;36m0[38;2;33;35;42m0[38;2;29;32;38m0[38;2;24;27;34m011010100
[38;2;24;27;34m111101011000101[38;2;26;27;34m0[38;2;64;39;45m0[38;2;121;58;62m0[38;2;137;62;67m1[38;2;113;55;60m1[38;2;69;41;48m1[38;2;39;32;39m1[38;2;25;27;34m0[38;2;24;27;34m1010010000111101011101100110001100[38;2;25;28;35m1[38;2;43;45;51m0[38;2;42;45;52m1[38;2;29;31;38m1[38;2;24;27;34m1001111100
[38;2;24;27;34m01001101000[38;2;25;27;34m0[38;2;36;31;37m0[38;2;66;40;46m1[38;2;105;52;58m0[38;2;123;58;63m1[38;2;91;48;54m1[38;2;42;33;39m0[38;2;26;27;34m0[38;2;24;27;34m001001101100011111100011111101100000[38;2;28;31;38m0[38;2;48;50;57m0[38;2;58;61;66m0[38;2;33;36;43m0[38;2;24;27;34m010010101010
[38;2;24;27;34m011110111[38;2;34;30;37m1[38;2;70;41;47m0[38;2;91;48;53m0[38;2;92;48;53m0[38;2;70;43;48m1[38;2;44;38;44m0[38;2;27;30;36m1[38;2;24;27;34m0100101000111010101000001000001000010[38;2;30;33;40m1[38;2;70;72;78m1[38;2;71;73;78m0[38;2;42;45;52m0[38;2;25;28;35m1[38;2;24;27;34m0100011101010
[38;2;24;27;34m00111[38;2;26;27;34m1[38;2;34;30;37m0[38;2;62;39;45m0[38;2;79;44;50m0[38;2;75;43;49m0[38;2;45;33;40m0[38;2;32;31;38m1[38;2;39;42;48m0[38;2;40;43;49m0[38;2;28;31;37m1[38;2;24;27;34m01111100010100000011000000100111110100[38;2;29;32;38m1[38;2;56;58;64m1[38;2;27;29;36m1[38;2;24;27;34m111010100000100
[38;2;24;27;34m10[38;2;25;27;34m1[38;2;37;31;37m1[38;2;49;35;41m1[38;2;60;38;44m0[38;2;58;37;43m0[38;2;34;30;37m0[38;2;24;27;34m0[38;2;27;30;36m1[38;2;48;50;56m1[38;2;53;56;61m0[38;2;33;36;43m1[38;2;24;27;34m1010011001100100010001101110110110000111100100101000100100
[38;2;29;29;35m1[38;2;38;31;38m0[38;2;42;32;38m1[38;2;38;31;38m0[38;2;30;29;36m0[38;2;24;27;34m00[38;2;26;29;36m0[38;2;56;58;64m0[38;2;69;71;76m0[38;2;41;43;50m0[38;2;25;28;35m1[38;2;24;27;34m10111001011111100000010100001101110001010111011011101000010
[0m
