[38;2;24;27;34m0110001011010011111111011101010001011010001110000101111111110101110010[38;2;31;33;39m0
[38;2;24;27;34m010110001101000101001101110011001010110111000110100101011011010001001[38;2;30;33;40m0[38;2;24;27;34m0
[38;2;24;27;34m11101001111001110011110100111000001001101110111101011110010110001101011
[38;2;24;27;34m11110100110100100011110111000100011011100111100010101011010000110000000
[38;2;24;27;34m01001111101011100100011000111110111000111111000111110000100111001010001
[38;2;24;27;34m11101000101111001100011100111111000001000011110011111100101100111101100
[38;2;24;27;34m10011001110000000000101101010010101010001011100100011110011010101100011
[38;2;24;27;34m00110110101001110100101100110101111110100101110010010101110101000110100
[38;2;24;27;34m11101011000010011100001000101000000110100000000000101110110010101010111
[38;2;24;27;34m00001001010001101100100010010110110010110001110011100100111101000011011
[38;2;24;27;34m000001011011110000110111101110[38;2;25;27;34m1[38;2;24;27;34m0010110010110010100111011001011111111101
[38;2;24;27;34m010100010011100001100001000101[38;2;25;28;35m0[38;2;28;29;35m1[38;2;29;29;35m0[38;2;25;27;34m0[38;2;24;27;34m0100010000000010101001001101101110000
[38;2;24;27;34m101100000010110101011010[38;2;33;36;42m1[38;2;49;52;58m0[38;2;62;64;70m0[38;2;115;117;121m1[38;2;156;158;161m0[38;2;176;177;179m1[38;2;188;189;190m1[38;2;160;161;164m1[38;2;26;29;35m0[38;2;30;30;36m1[38;2;26;28;35m1[38;2;24;27;34m010101000000100011111100111011100100
[38;2;24;27;34m11000110111110100101000[38;2;66;68;74m0[38;2;175;176;177m1[38;2;242;242;242m1[38;2;250;250;250m0[38;2;255;255;255m1[38;2;238;238;238m1[38;2;179;179;181m0[38;2;167;167;169m0[38;2;89;91;96m0[38;2;24;27;34m01[38;2;26;28;35m1[38;2;24;27;34m100001010010111100100111101000110010
[38;2;24;27;34m111000000001010110000[38;2;30;29;36m1[38;2;68;40;46m1[38;2;164;76;80m0[38;2;139;76;81m0[38;2;147;138;142m1[38;2;233;233;234m1[38;2;248;248;248m0[38;2;220;220;221m1[38;2;86;89;93m0[38;2;35;38;45m1[38;2;24;27;34m1010100011101110111001011111101000100011
[38;2;24;27;34m011000100011010101[38;2;34;30;37m1[38;2;68;41;47m1[38;2;120;57;62m0[38;2;152;67;71m1[38;2;140;63;68m1[38;2;90;48;54m0[38;2;68;41;47m0[38;2;35;32;38m1[38;2;81;83;88m0[38;2;63;65;71m1[38;2;29;32;39m1[38;2;24;27;34m101010001100000010001000101111100110001100
[38;2;24;27;34m001111010000010[38;2;26;28;35m0[38;2;68;41;47m1[38;2;122;58;63m1[38;2;132;61;66m0[38;2;107;53;59m1[38;2;65;40;46m0[38;2;36;31;37m0[38;2;25;27;34m1[38;2;24;27;34m001000100011111001011100100111100110110010110000
[38;2;24;27;34m11011001100[38;2;25;27;34m0[38;2;37;31;38m0[38;2;66;40;46m1[38;2;104;52;57m1[38;2;119;57;61m0[38;2;85;46;52m0[38;2;37;31;38m0[38;2;25;27;34m1[38;2;24;27;34m110000110001101111101001100001000111[38;2;27;30;37m0[38;2;28;31;38m0[38;2;24;27;34m00111001100001
[38;2;24;27;34m001001101[38;2;35;30;37m0[38;2;70;41;48m0[38;2;88;47;53m1[38;2;86;46;52m1[38;2;64;40;46m1[38;2;34;30;37m1[38;2;24;27;34m10000100101000011001110001111010001100[38;2;30;33;40m0[38;2;41;44;50m1[38;2;33;35;42m0[38;2;25;28;35m0[38;2;24;27;34m10101000010000
[38;2;24;27;34m10011[38;2;26;28;34m1[38;2;33;30;36m1[38;2;59;38;44m0[38;2;73;42;48m1[38;2;69;41;47m1[38;2;41;32;39m0[38;2;28;28;35m1[38;2;24;27;34m110100100110000011110111101000000001101[38;2;32;35;41m0[38;2;53;56;61m0[38;2;45;47;54m0[38;2;27;30;37m1[38;2;24;27;34m0111000101100010
[38;2;24;27;34m11[38;2;25;27;34m1[38;2;33;29;36m1[38;2;44;33;39m1[38;2;55;36;42m0[38;2;53;36;42m1[38;2;31;29;36m1[38;2;24;27;34m1[38;2;26;29;36m10[38;2;24;27;34m10000000010110010111110011111000010111[38;2;37;40;46m0[38;2;62;65;71m0[38;2;58;61;66m1[38;2;29;32;39m0[38;2;24;27;34m010110100011011101
[38;2;25;27;34m0[38;2;29;28;35m1[38;2;37;30;37m1[38;2;32;30;37m1[38;2;28;28;35m0[38;2;24;27;34m00[38;2;28;31;38m0[38;2;39;42;48m0[38;2;31;34;41m0[38;2;25;28;35m1[38;2;24;27;34m1010011010001010000110111001011100100[38;2;39;42;48m1[38;2;90;93;97m1[38;2;36;39;45m1[38;2;24;27;34m10101010111010000111
[0m
