[38;2;23;26;33m11001101101010111101001101010000110101100010000010001001011010011010[38;2;26;30;36m1[38;2;29;33;39m1[38;2;50;53;58m0
[38;2;23;26;33m0000110100011011010011000010100011000000010110110100000000111101011[38;2;27;30;36m0[38;2;25;28;34m1[38;2;24;27;34m1[38;2;25;28;35m0
[38;2;23;26;33m0011000011011011010111000100111001100001001100011011101110101001010[38;2;24;27;34m1[38;2;23;26;33m101
[38;2;23;26;33m00010111010010100100001011001001111010000110111110000100100110110110110
[38;2;23;26;33m11101001000001001111111101000100110000110110000101010111101111000000110
[38;2;23;26;33m01101001110101110101001011100011111111101100010110100110110001101010100
[38;2;23;26;33m00110011100011101100100101011111010011101010000101011000101010111010111
[38;2;23;26;33m10010010111100001010100011111010101010001011111000001010110011000001001
[38;2;23;26;33m10101100000110010010100010111010110010010011101110110000010100100100001
[38;2;23;26;33m01000111100000010001111001011101011101001101100110000110000111001001101
[38;2;23;26;33m011101111110010110101011111010[38;2;24;27;33m1[38;2;24;27;34m1[38;2;23;26;33m011010101101111001011000110001010100011
[38;2;23;26;33m10101000110001000010001111000[38;2;24;27;33m0[38;2;26;28;35m1[38;2;27;28;35m0[38;2;30;29;36m1[38;2;28;28;35m0[38;2;23;26;33m1001101100011000000101011101010011001
[38;2;23;26;33m010011110101000111101100[38;2;29;32;39m0[38;2;53;55;61m0[38;2;86;88;93m0[38;2;147;149;153m1[38;2;192;193;195m0[38;2;214;214;215m1[38;2;224;224;225m1[38;2;204;204;206m0[38;2;37;40;46m0[38;2;29;28;35m1[38;2;30;28;35m0[38;2;23;26;33m100010110101011111010001101001100000
[38;2;23;26;33m11001110001000000011100[38;2;46;44;50m1[38;2;148;144;147m0[38;2;235;235;235m1[38;2;254;254;254m1[38;2;255;255;255m0[38;2;254;254;254m1[38;2;186;186;188m1[38;2;131;132;136m0[38;2;77;79;85m0[38;2;23;26;33m01[38;2;26;27;34m1[38;2;23;26;33m111101000100100011101011101001111001
[38;2;23;26;33m01100001000000111110[38;2;25;27;34m1[38;2;36;30;37m1[38;2;87;46;52m0[38;2;174;75;79m0[38;2;162;76;80m0[38;2;116;97;100m1[38;2;217;217;218m1[38;2;216;216;217m1[38;2;154;155;158m0[38;2;61;63;69m1[38;2;28;31;38m0[38;2;23;26;33m1101011111100110101110110110011111011001
[38;2;23;26;33m10011101011010010[38;2;24;26;33m0[38;2;45;33;39m0[38;2;88;47;53m1[38;2;136;62;67m0[38;2;153;67;72m1[38;2;117;56;61m0[38;2;67;40;46m0[38;2;41;32;38m0[38;2;26;27;34m0[38;2;34;37;43m0[38;2;24;27;34m1[38;2;23;26;33m1111101010011000111011000111100010110001010
[38;2;23;26;33m100011101010001[38;2;35;30;37m1[38;2;91;48;54m1[38;2;131;60;64m1[38;2;123;58;63m1[38;2;88;47;52m1[38;2;49;34;41m0[38;2;28;28;34m1[38;2;23;26;33m1110110000101010110000111101101010011111010001111
[38;2;23;26;33m00110110110[38;2;26;27;34m0[38;2;45;33;40m1[38;2;79;44;50m1[38;2;110;54;59m1[38;2;107;53;58m1[38;2;60;37;43m0[38;2;26;27;34m0[38;2;24;26;33m1[38;2;23;26;33m1110101110011001101100100010001101001010111111111010
[38;2;23;26;33m11101011[38;2;24;26;33m0[38;2;47;33;40m1[38;2;73;42;48m0[38;2;86;46;51m0[38;2;75;43;48m0[38;2;48;34;40m0[38;2;25;27;34m0[38;2;23;26;33m01100010010000011010010011011001100110011111100110001010
[38;2;23;26;33m11011[38;2;26;27;34m1[38;2;39;31;38m1[38;2;61;38;44m1[38;2;67;40;46m1[38;2;52;35;42m0[38;2;32;29;36m0[38;2;24;26;33m0[38;2;23;26;33m11010110011111000111110011011100011100[38;2;24;27;34m11[38;2;23;26;33m1100111101110111101
[38;2;23;26;33m01[38;2;25;27;33m1[38;2;33;29;35m1[38;2;42;31;38m1[38;2;48;34;40m0[38;2;41;32;38m1[38;2;24;26;33m1[38;2;23;26;33m0110011110101111110100000110001111111011[38;2;26;29;36m1[38;2;34;37;44m1[38;2;31;34;40m1[38;2;24;27;34m0[38;2;23;26;33m0000011101000000000
[38;2;23;26;33m1[38;2;25;26;33m0[38;2;28;27;34m0[38;2;28;28;34m0[38;2;24;26;33m1[38;2;23;26;33m11111101101110011100100000111101001001101[38;2;24;27;34m0[38;2;46;49;54m0[38;2;44;47;52m0[38;2;28;31;38m0[38;2;23;26;33m111111110000111010000
[0m
