[38;2;23;25;32m0010010111111001011111101010101111111110010000101100000001110110011[38;2;27;29;36m0[38;2;62;66;71m1[38;2;158;159;162m1[38;2;110;113;116m0
[38;2;23;25;32m01011000100111110011011101100011100001101000000111101000010000011111[38;2;27;29;36m0[38;2;35;37;44m0[38;2;30;33;40m0
[38;2;23;25;32m01011001011000001001000110011010000101001110100110010101111100111[38;2;28;30;37m0[38;2;26;29;35m1[38;2;23;25;32m0010
[38;2;23;25;32m01010001101010110110010100011110110011010001101111000100101101110101000
[38;2;23;25;32m00111011110000000000010101010101011000100110001110110101000101001000000
[38;2;23;25;32m10001000100010101111101000101111001101001010001111011010101010010110101
[38;2;23;25;32m00010010011110000101011111100100001110011001111001000110100000000101001
[38;2;23;25;32m00110000001010110100010100001100001110000111101100011110111111111110000
[38;2;23;25;32m00100001000111010001011011101101001001011000100010100101111001010111101
[38;2;23;25;32m10011011000011100011000010001101110010010101000000011010010010001101111
[38;2;23;25;32m011001110111000111110010101101[38;2;25;26;33m1[38;2;26;26;33m0[38;2;25;26;33m0[38;2;23;25;32m01000001010110100011111000001110100101
[38;2;23;25;32m0000110100110100000010100111[38;2;25;27;34m1[38;2;39;41;47m0[38;2;50;52;58m1[38;2;51;52;58m1[38;2;35;34;40m1[38;2;32;29;36m1[38;2;25;26;33m1[38;2;23;25;32m011110100001001101000011001010010111
[38;2;23;25;32m111011010001100100011000[38;2;25;27;33m0[38;2;43;45;52m0[38;2;109;110;115m0[38;2;185;185;188m0[38;2;232;232;233m0[38;2;246;246;247m0[38;2;241;241;241m0[38;2;227;227;228m0[38;2;59;61;67m0[38;2;25;26;33m1[38;2;33;30;36m0[38;2;23;25;32m111011101110100011001011111000101010
[38;2;23;25;32m00001101001010011100100[38;2;42;31;37m1[38;2;117;98;102m0[38;2;194;194;196m1[38;2;254;254;254m1[38;2;255;255;255m1[38;2;254;254;254m0[38;2;208;208;209m0[38;2;114;116;119m0[38;2;57;59;65m0[38;2;23;25;32m10[38;2;25;26;33m1[38;2;23;25;32m001000100000110011100110101101001100
[38;2;23;25;32m00111101110111001011[38;2;28;27;34m0[38;2;53;35;41m1[38;2;112;54;59m0[38;2;175;74;78m0[38;2;172;75;79m1[38;2;99;62;68m1[38;2;143;144;148m0[38;2;123;124;128m1[38;2;75;76;82m1[38;2;43;45;52m1[38;2;26;28;35m0[38;2;23;25;32m1001010101000011101001000100110000011110
[38;2;23;25;32m11101101011000001[38;2;30;27;34m1[38;2;63;38;44m1[38;2;113;54;59m0[38;2;148;65;70m1[38;2;141;63;68m1[38;2;91;47;53m1[38;2;44;32;38m1[38;2;24;25;32m1[38;2;23;25;32m1011111001110100100101011000100001001101011011
[38;2;23;25;32m00010110100110[38;2;25;25;32m1[38;2;59;37;43m0[38;2;116;55;61m1[38;2;131;60;65m0[38;2;109;53;58m0[38;2;67;39;45m0[38;2;37;30;36m0[38;2;24;25;32m0[38;2;23;25;32m0001010111101110010011110101110100000011110100010
[38;2;23;25;32m01100110011[38;2;33;28;35m0[38;2;57;37;43m1[38;2;95;49;54m1[38;2;112;54;59m0[38;2;85;45;51m1[38;2;38;30;37m0[38;2;25;25;32m1[38;2;23;25;32m11010000100100100110000011110010110011100001111101110
[38;2;23;25;32m01110010[38;2;30;27;34m1[38;2;60;37;43m0[38;2;77;42;48m1[38;2;80;44;50m0[38;2;62;38;44m1[38;2;34;28;35m0[38;2;23;25;32m011111011001100010010010101010001011101100110111101000001
[38;2;23;25;32m1111[38;2;24;25;32m1[38;2;28;27;33m0[38;2;51;34;40m1[38;2;62;38;44m00[38;2;39;30;37m0[38;2;27;26;33m0[38;2;23;25;32m110000111101100111011111111000111010100110001100111101000001
[38;2;23;25;32m10[38;2;25;26;33m0[38;2;35;28;35m1[38;2;41;31;37m0[38;2;44;32;38m1[38;2;29;27;34m1[38;2;23;25;32m1011000001001111110001110000000010110011001111100110001111101000
[38;2;23;25;32m01[38;2;25;26;33m10[38;2;23;25;32m1111001000100000110111000110101011000111011011100110001111111110011
[0m
