[38;2;24;27;34m11100101110001001101011011010111111111000001001001101001101100110001010
[38;2;24;27;34m00011100011110000100001001100110111001000001101000110111001000100010111
[38;2;24;27;34m11010000000100111000000000100100000011011111111110011000110100101101110
[38;2;24;27;34m10101111001001111001100010000000100000000000111011110111000011111010111
[38;2;24;27;34m01001110110010010011101011001101011100001000110000111110110101011010000
[38;2;24;27;34m11100101000100011110000001001100101110101000000011101011101110010101110
[38;2;24;27;34m10001101100010000010101010011101000111101111110101011101001100101010100
[38;2;24;27;34m10000111000100110101001100111100110111111010001001001110100010111010000
[38;2;24;27;34m10110110010111001011101000000010011011111101111101100101111010111111000
[38;2;24;27;34m010011100011101100110100011111001[38;2;26;27;34m00[38;2;24;27;34m10010100100010101001100100000101101[38;2;26;29;36m0
[38;2;24;27;34m11111110010001111001000100011010[38;2;29;32;39m1[38;2;36;39;46m0[38;2;42;43;49m1[38;2;38;37;43m1[38;2;32;30;37m0[38;2;27;28;35m1[38;2;24;27;34m110100011001100001101101101011[38;2;31;33;40m1[38;2;41;44;49m0[38;2;35;38;44m0
[38;2;24;27;34m10111100111[38;2;49;52;58m1[38;2;26;29;36m1[38;2;24;27;34m00011100011100[38;2;30;33;40m0[38;2;93;95;100m1[38;2;116;118;122m1[38;2;124;125;129m0[38;2;150;151;154m1[38;2;151;152;154m0[38;2;183;183;185m1[38;2;222;223;224m1[38;2;131;133;136m0[38;2;26;28;34m0[38;2;36;31;37m0[38;2;26;28;34m0[38;2;24;27;34m100100110011011110100100100[38;2;30;33;40m0[38;2;55;57;62m1[38;2;46;48;54m0[38;2;28;31;38m1[38;2;24;27;34m1
[38;2;24;27;34m01101000100[38;2;26;29;36m0[38;2;24;27;34m11111010101100[38;2;28;29;36m1[38;2;140;130;134m0[38;2;200;199;200m0[38;2;253;253;253m1[38;2;255;255;255m1[38;2;246;246;246m1[38;2;210;210;211m0[38;2;217;217;218m0[38;2;147;148;151m0[38;2;35;38;44m1[38;2;24;27;34m0[38;2;26;28;34m11[38;2;24;27;34m111001011111010101010111[38;2;25;28;35m0[38;2;37;40;46m0[38;2;63;65;71m1[38;2;62;64;69m0[38;2;29;32;39m1[38;2;24;27;34m000
[38;2;24;27;34m101011111010001010001011[38;2;29;29;35m1[38;2;64;39;45m0[38;2;125;58;64m0[38;2;184;78;82m1[38;2;123;65;70m1[38;2;127;125;129m1[38;2;244;244;244m1[38;2;245;245;245m0[38;2;194;195;197m1[38;2;45;48;54m0[38;2;24;27;34m11110011111011000011111111001[38;2;32;34;41m0[38;2;86;87;93m1[38;2;40;43;49m0[38;2;24;27;34m01110
[38;2;24;27;34m100001100101110111111[38;2;29;29;36m0[38;2;60;38;45m1[38;2;117;56;62m1[38;2;157;69;73m1[38;2;136;63;67m0[38;2;90;48;53m0[38;2;47;34;41m0[38;2;38;31;38m0[38;2;30;33;40m0[38;2;73;75;80m1[38;2;50;53;60m1[38;2;32;35;42m1[38;2;24;27;34m10111010101100110011000010010010001100
[38;2;24;27;34m110000011110010010[38;2;32;29;36m1[38;2;65;40;46m0[38;2;107;53;58m1[38;2;131;60;65m0[38;2;115;55;61m0[38;2;67;41;47m1[38;2;29;29;35m0[38;2;24;27;34m1111000101011101010001110100101001001101010110
[38;2;24;27;34m0010101100011101[38;2;55;37;43m0[38;2;90;48;54m1[38;2;99;51;56m0[38;2;79;44;50m0[38;2;48;35;41m0[38;2;28;28;35m1[38;2;24;27;34m0101100101010110111001011111011000100111101011110
[38;2;24;27;34m100101011110001[38;2;50;35;41m1[38;2;45;34;40m0[38;2;26;28;35m0[38;2;24;27;34m01101010000001101100010100011111110010111101010010101
[38;2;24;27;34m11000100001111101000101100001111010011001101001110011011100011110011000
[38;2;24;27;34m010011100010000110001100010[38;2;52;54;61m0[38;2;26;29;36m1[38;2;24;27;34m110101111001101001011010101101111001000001
[38;2;24;27;34m11000000011111101001011000100010100011101100100110000100000010000111010
[38;2;24;27;34m00000111011011101100011110110110110110111100011101100010111101011001111
[0m
