[38;2;22;24;30m10100011110110001000110011111000101011001011010101101111101110110[38;2;23;25;31m1[38;2;36;39;44m0[38;2;61;62;67m0[38;2;55;57;62m1[38;2;26;28;34m0[38;2;22;24;30m1
[38;2;22;24;30m01101101001101011101111010111101001010001001011101101001011110110[38;2;24;26;32m1[38;2;52;55;61m1[38;2;136;138;141m1[38;2;89;91;96m0[38;2;31;33;39m0[38;2;22;24;30m1
[38;2;22;24;30m001000110000111011110011010100101100010100101100010101101100011[38;2;23;25;31m1[38;2;24;26;32m1[38;2;22;24;30m1[38;2;23;25;31m1[38;2;23;26;32m1[38;2;27;29;35m1[38;2;74;75;80m1[38;2;30;31;37m0
[38;2;22;24;30m100000000011111101000110111100101101110001011010011111110010110[38;2;24;26;32m0[38;2;28;30;36m0[38;2;22;24;30m001111
[38;2;22;24;30m01111011110011011100100101110111101111010100000011001100010000111101011
[38;2;22;24;30m01010110010111000101111111011010010111111111101010100100011000111111011
[38;2;22;24;30m01101111011011110011010101010100010010011110101111111100010101011000100
[38;2;22;24;30m00101011110110110001111001001110101010010010000110111011011010001010001
[38;2;22;24;30m00101110011110000100100010100101111110001111110110111101000111000111111
[38;2;22;24;30m01011110101101000100100101111101101011100011001001110100011100011110011
[38;2;22;24;30m101011101101110000110011000100[38;2;23;25;30m1[38;2;25;25;31m1[38;2;26;26;32m0[38;2;23;25;31m0[38;2;22;24;30m0011101001100100110101000110101001011
[38;2;22;24;30m0101111001110011010011111110[38;2;23;25;31m1[38;2;40;42;48m0[38;2;60;61;66m0[38;2;70;72;76m1[38;2;61;61;66m0[38;2;30;28;34m1[38;2;31;28;34m1[38;2;22;24;30m001000000001001010001111001101010000
[38;2;22;24;30m0111111010000000000101011[38;2;23;25;31m1[38;2;65;67;72m1[38;2;165;165;168m0[38;2;224;224;225m1[38;2;247;247;247m0[38;2;249;249;249m0[38;2;243;243;243m1[38;2;164;164;167m0[38;2;23;25;31m1[38;2;27;26;32m1[38;2;28;27;33m0[38;2;22;24;30m00101000000101101011111000110011100
[38;2;22;24;30m11100010001110100100101[38;2;26;26;31m1[38;2;68;39;45m1[38;2;89;80;85m0[38;2;223;224;224m1[38;2;255;255;255m1[38;2;254;254;254m1[38;2;244;244;244m0[38;2;173;174;177m0[38;2;87;89;93m0[38;2;30;32;38m1[38;2;22;24;30m10[38;2;23;25;31m1[38;2;22;24;30m01100101011011110011000101111010110
[38;2;22;24;30m10111001100100001101[38;2;25;25;31m0[38;2;39;30;35m1[38;2;93;47;52m0[38;2;149;65;70m0[38;2;176;75;79m1[38;2;141;67;71m1[38;2;87;76;80m0[38;2;84;85;90m0[38;2;71;73;78m0[38;2;48;49;55m1[38;2;30;32;38m0[38;2;22;24;30m1000100011110011110010001001000000101001
[38;2;22;24;30m01110111000110001[38;2;25;25;31m0[38;2;51;33;39m0[38;2;98;49;54m1[38;2;140;63;67m0[38;2;151;66;71m1[38;2;108;52;57m0[38;2;57;35;41m1[38;2;25;25;31m1[38;2;22;24;30m1000111010001010100011010110111001101111111011
[38;2;22;24;30m001111111100100[38;2;43;31;37m1[38;2;103;51;55m0[38;2;138;62;66m0[38;2;122;57;62m1[38;2;84;44;50m0[38;2;45;32;37m1[38;2;25;25;31m0[38;2;22;24;30m0100101010110011111001111011101110110101001100010
[38;2;22;24;30m00010010111[38;2;27;26;32m0[38;2;49;33;39m0[38;2;87;45;50m0[38;2;115;55;60m1[38;2;104;51;56m1[38;2;54;35;40m0[38;2;25;25;31m0[38;2;22;24;30m00100011110000100011111110011010110011000111111001011
[38;2;22;24;30m10011110[38;2;24;25;31m0[38;2;50;34;39m1[38;2;75;42;47m1[38;2;84;45;50m0[38;2;72;40;45m0[38;2;43;31;36m0[38;2;23;25;30m0[38;2;22;24;30m00000110111001000000111011100010000110011110110001001110
[38;2;22;24;30m00000[38;2;26;25;31m1[38;2;41;30;36m0[38;2;60;37;42m1[38;2;65;39;44m1[38;2;46;32;38m0[38;2;30;27;33m0[38;2;23;24;30m0[38;2;22;24;30m11011100010010011000010111011000000101111100110100011010101
[38;2;22;24;30m01[38;2;23;24;30m1[38;2;29;26;32m0[38;2;39;30;36m0[38;2;43;31;36m0[38;2;36;29;34m1[38;2;22;24;30m0100010001011101100111101010100000111100100111001110110010100000
[38;2;22;24;30m01[38;2;24;25;31m0[38;2;25;25;31m0[38;2;22;24;30m1111101101101010001001011010100111100001111100001011100010001100110
[0m
