[38;2;20;23;28m0111100001111011011011010001110101000001000100111010000000100[38;2;27;30;35m0[38;2;81;83;86m1[38;2;43;46;50m0[38;2;23;26;31m1[38;2;23;27;32m11[38;2;22;25;31m1[38;2;21;24;29m0[38;2;20;23;28m1[38;2;24;27;32m0
[38;2;20;23;28m01001011101110001010100001111010010101100011110010111010001111[38;2;26;30;35m1[38;2;29;33;39m0[38;2;37;40;46m0[38;2;62;65;69m1[38;2;53;56;62m1[38;2;30;34;40m1[38;2;27;31;37m0[38;2;22;25;31m0[38;2;20;23;28m1
[38;2;20;23;28m00000100100110011100100101100011110100111000000100001101000011[38;2;24;27;33m1[38;2;29;33;39m1[38;2;51;54;59m0[38;2;142;143;147m0[38;2;77;79;83m1[38;2;33;37;43m1[38;2;28;32;38m1[38;2;23;27;31m1[38;2;20;23;28m0
[38;2;20;23;28m1010100011101100011001100000100101110001011100100011111010111[38;2;21;24;29m0[38;2;24;27;32m0[38;2;22;25;30m1[38;2;24;27;33m0[38;2;25;29;34m0[38;2;32;36;41m0[38;2;69;71;75m1[38;2;25;28;33m1[38;2;20;23;28m00
[38;2;20;23;28m1100110001101010010011101100000011001100110000011100110100101[38;2;21;24;29m0[38;2;25;28;33m1[38;2;20;23;28m1101[38;2;22;25;30m0[38;2;20;23;28m101
[38;2;20;23;28m10101101101101011000101111001001100000111010111101011111101111101101011
[38;2;20;23;28m00101000011001110110011001001010111100110010000101101101010110010001011
[38;2;20;23;28m01101000101001010101011010111010001010100111111000101000100010111111000
[38;2;20;23;28m01101010010001000000111110011100111110101111010010100111001101001000010
[38;2;20;23;28m01010101111110000101010001001110100010000001000011001010011101100000100
[38;2;20;23;28m0000111111010111100101010001100[38;2;22;24;29m0[38;2;26;25;30m1[38;2;25;25;30m0[38;2;22;24;29m1[38;2;20;23;28m111001001001010001111100011000111010
[38;2;20;23;28m10111011010101110110000010001[38;2;21;24;29m1[38;2;31;34;39m0[38;2;48;51;55m1[38;2;55;57;61m1[38;2;50;49;54m0[38;2;35;30;36m1[38;2;32;28;34m1[38;2;20;23;28m01110001001010100110001011110101011
[38;2;20;23;28m11001011101011000010000001[38;2;21;24;29m1[38;2;61;64;68m1[38;2;156;157;159m1[38;2;215;216;217m0[38;2;245;245;245m1[38;2;249;249;249m0[38;2;247;247;247m1[38;2;154;156;158m1[38;2;22;25;30m0[38;2;32;28;34m1[38;2;29;27;32m0[38;2;20;23;28m1110100101101010110110111100001011
[38;2;20;23;28m111101011001100110010010[38;2;24;24;29m1[38;2;61;36;41m1[38;2;55;49;53m0[38;2;231;231;231m1[38;2;255;255;255m1[38;2;254;254;255m1[38;2;247;247;247m0[38;2;203;203;204m0[38;2;114;116;118m0[38;2;28;31;36m1[38;2;20;23;28m0[38;2;21;23;28m0[38;2;22;25;29m1[38;2;20;23;28m1011100011000101001100110011011111
[38;2;20;23;28m101011000001011101011[38;2;22;24;29m1[38;2;35;28;33m1[38;2;85;44;49m1[38;2;143;63;67m0[38;2;181;76;80m0[38;2;140;64;69m1[38;2;69;62;67m1[38;2;91;94;97m0[38;2;79;81;85m0[38;2;51;54;58m1[38;2;29;32;37m0[38;2;20;23;28m000000110110000011100001101100101001110
[38;2;20;23;28m100000111110011001[38;2;23;24;29m0[38;2;47;32;37m1[38;2;93;47;52m0[38;2;138;62;66m1[38;2;154;67;71m0[38;2;113;54;59m0[38;2;62;37;41m0[38;2;25;24;29m0[38;2;20;23;28m101011101111000011001101010000010011110001101
[38;2;20;23;28m1010000001001101[38;2;43;31;36m1[38;2;100;50;54m1[38;2;142;64;68m1[38;2;129;59;63m0[38;2;89;46;51m0[38;2;47;32;37m0[38;2;25;25;30m0[38;2;20;23;28m110000001110011111011011111001011100110110111011
[38;2;20;23;28m010000110000[38;2;25;25;30m0[38;2;49;33;38m1[38;2;91;47;52m1[38;2;127;58;63m1[38;2;116;54;59m1[38;2;64;37;42m0[38;2;26;25;30m0[38;2;21;23;28m1[38;2;20;23;28m010011000111101000001000000100100000011110111110100
[38;2;20;23;28m011000001[38;2;22;24;29m0[38;2;50;33;38m0[38;2;82;44;48m0[38;2;95;48;52m0[38;2;81;43;48m0[38;2;49;33;37m0[38;2;23;24;29m1[38;2;20;23;28m1110100111000110011110100110001010001100111111011000011
[38;2;20;23;28m001010[38;2;24;24;29m1[38;2;40;29;34m0[38;2;66;38;43m1[38;2;72;41;46m1[38;2;54;35;39m0[38;2;31;26;31m1[38;2;22;23;28m0[38;2;20;23;28m1010111110110011010010100000000011001100110000011111101000
[38;2;20;23;28m100[38;2;23;24;29m1[38;2;32;27;32m1[38;2;44;32;36m1[38;2;50;33;38m0[38;2;40;30;35m1[38;2;21;23;28m1[38;2;20;23;28m10110110010000100100011111010011100101100101000110000011101000
[38;2;20;23;28m10[38;2;21;23;28m0[38;2;25;25;30m1[38;2;26;25;30m1[38;2;21;23;28m0[38;2;20;23;28m11010100100010101000000011011100011000010000111100011111100100110
[0m
