[38;2;19;21;26m01010010001111010110111110110011100001100011001010111111111[38;2;20;22;27m0[38;2;19;21;26m11001100010
[38;2;19;21;26m00110101011001101111001110011111011110101110010110110000111[38;2;64;66;70m0[38;2;67;69;72m0[38;2;24;26;31m0[38;2;27;28;33m1[38;2;27;29;34m1[38;2;26;28;33m0[38;2;22;24;29m0[38;2;19;21;26m1[38;2;20;22;27m0[38;2;43;45;50m1[38;2;23;25;30m1[38;2;19;21;26m1
[38;2;19;21;26m01000001010110100010100000000100111110001100000001100000101[38;2;24;26;30m0[38;2;40;41;46m1[38;2;42;44;49m1[38;2;56;57;62m0[38;2;73;74;78m1[38;2;45;47;52m1[38;2;41;42;48m0[38;2;34;35;41m0[38;2;20;22;27m0[38;2;21;23;28m1[38;2;19;21;26m01
[38;2;19;21;26m00101111110010101111101110000101011110010100011011000110111[38;2;21;23;27m1[38;2;39;40;46m1[38;2;44;46;51m0[38;2;104;106;109m1[38;2;126;127;129m0[38;2;50;52;57m1[38;2;42;43;49m0[38;2;37;38;44m0[38;2;20;22;27m0[38;2;19;21;26m010
[38;2;19;21;26m10100010110000000010111011110011001101100110110100110100100[38;2;20;22;27m1[38;2;21;23;28m1[38;2;28;29;34m0[38;2;32;34;38m0[38;2;34;35;40m1[38;2;65;66;71m1[38;2;44;45;50m0[38;2;21;23;28m0[38;2;19;21;26m1011
[38;2;19;21;26m11000010111010001001010001010000100100011100000011100111011[38;2;31;33;37m1[38;2;20;22;27m0[38;2;19;21;26m1111111001
[38;2;19;21;26m11110110000101111000001111000001101100001100110100111110011110001110011
[38;2;19;21;26m10111011000011000101111101001000100100011001100000000110010011000010011
[38;2;19;21;26m00010110000001000110111001111000010100111001000100101101010100010100001
[38;2;19;21;26m11011010110110111111111100100101100010110011110001111100001011000110110
[38;2;19;21;26m01011011100001001101101010010000[38;2;25;23;28m0[38;2;33;26;31m1[38;2;32;26;31m0[38;2;24;23;28m1[38;2;19;21;26m11110100010011101011100100001100111
[38;2;19;21;26m010010001011011011000110110010[38;2;24;26;31m0[38;2;48;49;54m1[38;2;69;71;75m1[38;2;77;77;82m0[38;2;70;65;69m1[38;2;50;33;38m1[38;2;47;31;36m0[38;2;19;21;26m1001110100111000000100100101010000
[38;2;19;21;26m111111001001100010010011100[38;2;21;23;28m1[38;2;80;82;85m0[38;2;178;179;180m0[38;2;234;235;235m0[38;2;249;249;249m1[38;2;251;251;251m1[38;2;247;247;247m0[38;2;143;144;146m0[38;2;20;22;27m0[38;2;40;29;35m1[38;2;36;28;33m1[38;2;19;21;26m000010110011111000101001011010101
[38;2;19;21;26m0001011010110100010001101[38;2;25;23;28m0[38;2;73;40;44m0[38;2;84;76;80m0[38;2;235;235;235m0[38;2;254;254;254m1[38;2;253;253;253m1[38;2;239;240;240m1[38;2;191;192;193m1[38;2;99;100;104m1[38;2;24;26;31m1[38;2;19;21;26m1[38;2;20;21;26m1[38;2;23;22;27m1[38;2;19;21;26m110111101101101000110100000001011
[38;2;19;21;26m1111101011110111011010[38;2;23;22;27m1[38;2;45;30;34m0[38;2;101;49;53m1[38;2;156;67;71m1[38;2;169;73;77m0[38;2;132;61;66m1[38;2;84;78;82m1[38;2;74;75;79m1[38;2;63;65;69m1[38;2;41;43;48m1[38;2;25;26;31m1[38;2;19;21;26m01101100010010011010001111100110110000
[38;2;19;21;26m0111101100010010101[38;2;26;23;28m0[38;2;57;34;39m0[38;2;109;52;56m0[38;2;147;64;69m0[38;2;146;64;69m0[38;2;96;47;52m0[38;2;46;31;35m1[38;2;20;21;26m1[38;2;19;21;26m11110101110000001111100011111110110100000110
[38;2;19;21;26m0110111101100100[38;2;21;22;27m0[38;2;60;35;40m1[38;2;118;55;59m0[38;2;146;64;68m1[38;2;122;56;60m1[38;2;74;40;45m0[38;2;38;27;32m0[38;2;21;22;27m1[38;2;19;21;26m11000000010101010000010010000100101110111010010
[38;2;19;21;26m011111100011[38;2;20;21;26m0[38;2;32;25;30m1[38;2;65;37;42m0[38;2;110;52;57m1[38;2;136;60;65m0[38;2;103;50;54m0[38;2;50;32;37m1[38;2;22;22;27m1[38;2;19;21;26m011001000011101010100001011101000011101010000010110
[38;2;19;21;26m1110101111[38;2;27;24;29m1[38;2;70;38;43m0[38;2;100;48;53m1[38;2;105;50;55m0[38;2;80;42;46m0[38;2;41;29;34m0[38;2;20;22;27m0[38;2;19;21;26m110010100000011100000010111000010110001001001100010100
[38;2;19;21;26m011100[38;2;20;21;26m1[38;2;27;24;29m1[38;2;55;34;38m1[38;2;81;42;46m0[38;2;81;43;47m0[38;2;50;31;36m0[38;2;28;24;29m1[38;2;20;21;26m1[38;2;19;21;26m011101011011011010001011100010101110011000110100110100001
[38;2;19;21;26m1110[38;2;28;24;29m0[38;2;41;29;33m0[38;2;54;33;38m1[38;2;55;34;38m1[38;2;35;27;31m0[38;2;19;21;26m10011010101000111000110100011111111101000101100001110110010110
[38;2;19;21;26m00[38;2;22;22;27m0[38;2;30;25;30m0[38;2;31;26;31m1[38;2;26;24;29m0[38;2;19;21;26m11110000010110000000010110011001100010111000011111111011101000011
[0m
