[38;2;18;20;24m01101111010010010010100000000111000110000000101001100001000101011110111
[38;2;18;20;24m00000110000111110100111111111000111110101110011011011011[38;2;19;21;25m0[38;2;18;20;24m00000011000111
[38;2;18;20;24m1011101100010101011010000101011101000100110100100000000[38;2;20;22;26m1[38;2;81;83;87m0[38;2;57;59;63m1[38;2;29;30;34m1[38;2;33;35;39m0[38;2;35;36;40m1[38;2;31;32;37m0[38;2;25;26;30m1[38;2;19;21;25m0[38;2;28;30;34m0[38;2;41;43;47m1[38;2;18;20;24m01101
[38;2;18;20;24m10001111101001010110111100111010101011001010110101111111[38;2;24;26;30m1[38;2;44;45;50m0[38;2;52;53;57m0[38;2;96;97;100m11[38;2;54;54;58m0[38;2;47;48;52m0[38;2;36;37;41m0[38;2;18;20;24m0011010
[38;2;18;20;24m01011101111100010010111100010101000000100001011001101010[38;2;23;25;29m0[38;2;44;44;48m1[38;2;52;53;57m1[38;2;109;110;113m1[38;2;82;82;86m0[38;2;53;54;58m1[38;2;47;47;51m0[38;2;34;35;39m0[38;2;18;20;24m1001010
[38;2;18;20;24m10000111111001100100011101111111111010001011110111000000[38;2;25;27;31m1[38;2;19;21;25m0[38;2;25;27;31m1[38;2;29;31;36m1[38;2;32;34;38m1[38;2;64;66;70m1[38;2;26;28;32m1[38;2;18;20;24m00111101
[38;2;18;20;24m11000001101001111000110011010001110001000110110110011000[38;2;26;28;32m0[38;2;18;20;24m01010100111000
[38;2;18;20;24m11100110100010101100110001011011001011011010101001100111011111010101101
[38;2;18;20;24m11100110010101001001010110110100110110100001110001011110111110101010110
[38;2;18;20;24m011001011100001101010100100110110[38;2;19;20;24m0[38;2;19;21;25m1[38;2;18;20;24m101110110000001101111010111010110010
[38;2;18;20;24m01111110100001001100010000000100[38;2;19;20;24m0[38;2;30;25;29m1[38;2;45;31;35m1[38;2;55;35;40m0[38;2;42;30;34m0[38;2;20;21;25m0[38;2;18;20;24m011110010010110100100101010000110
[38;2;18;20;24m00000101100001111000011101010[38;2;22;24;28m0[38;2;61;63;66m0[38;2;111;112;115m1[38;2;144;145;147m1[38;2;163;164;166m0[38;2;167;168;170m1[38;2;90;89;93m1[38;2;51;33;38m0[38;2;73;43;46m1[38;2;18;20;24m101000100110100111110101110100110
[38;2;18;20;24m111110111000010101011101110[38;2;66;67;70m0[38;2;173;173;175m1[38;2;236;236;236m0[38;2;250;250;250m1[38;2;254;254;254m0[38;2;255;255;255m1[38;2;249;249;249m0[38;2;191;191;192m0[38;2;43;45;49m1[38;2;18;20;24m0[38;2;50;33;37m0[38;2;22;22;26m0[38;2;18;20;24m00010000100111111000000000111000
[38;2;18;20;24m1110110110101101100000010[38;2;28;23;27m1[38;2;87;44;48m0[38;2;165;81;85m0[38;2;130;101;105m1[38;2;216;215;216m1[38;2;251;251;251m1[38;2;222;222;223m1[38;2;153;154;156m0[38;2;82;83;86m0[38;2;25;27;31m0[38;2;18;20;24m111100100000001101011000111101001100
[38;2;18;20;24m101100000100111011111[38;2;20;21;25m0[38;2;30;24;28m0[38;2;74;39;43m0[38;2;131;59;63m1[38;2;163;70;74m0[38;2;132;60;63m1[38;2;86;44;48m1[38;2;59;34;38m1[38;2;59;60;63m0[38;2;58;60;63m1[38;2;33;35;38m0[38;2;19;21;25m0[38;2;18;20;24m11001001010110100110101110000101000111
[38;2;18;20;24m000111010100101111[38;2;20;21;25m1[38;2;41;28;32m1[38;2;85;43;47m0[38;2;133;59;64m0[38;2;151;65;69m1[38;2;115;54;58m1[38;2;62;35;39m0[38;2;23;22;26m1[38;2;18;20;24m010111010011110010111000101001101101101010000
[38;2;18;20;24m0010010100000110[38;2;38;27;31m1[38;2;95;46;50m0[38;2;143;63;67m0[38;2;132;59;63m0[38;2;93;46;50m1[38;2;48;30;35m0[38;2;23;22;26m1[38;2;18;20;24m111000100000101000100100000000101101001000110110
[38;2;18;20;24m010000011110[38;2;24;22;26m1[38;2;49;31;35m0[38;2;93;46;50m1[38;2;130;59;63m1[38;2;124;56;60m1[38;2;70;38;42m1[38;2;26;23;27m1[38;2;19;20;24m1[38;2;18;20;24m001111100000110111111111101100000110100010000110011
[38;2;18;20;24m000100111[38;2;20;21;25m0[38;2;54;33;37m0[38;2;96;47;51m1[38;2;110;53;57m1[38;2;95;47;51m1[38;2;55;33;37m0[38;2;25;22;26m0[38;2;18;20;24m1110001101010100000110000100100000011111101101111001100
[38;2;18;20;24m100011[38;2;24;22;26m1[38;2;45;30;34m0[38;2;84;43;47m1[38;2;93;46;50m0[38;2;69;38;42m1[38;2;35;26;30m1[38;2;21;21;25m0[38;2;18;20;24m1111111100101000101100001111101011111101100011010100110001
[38;2;18;20;24m110[38;2;24;22;26m0[38;2;39;28;32m1[38;2;57;34;38m0[38;2;62;35;39m0[38;2;50;31;35m1[38;2;21;21;25m1[38;2;18;20;24m01111001111000110001011000100101100110100011111011000101011101
[38;2;18;20;24m0[38;2;22;22;26m0[38;2;32;26;30m0[38;2;36;27;31m1[38;2;30;25;29m1[38;2;20;21;25m0[38;2;18;20;24m11100110011010010111101011101101001010001001011000011110011111001
[0m
