[38;2;17;19;22m01011110011010011001101001010110000111110110100000100100001100101001100
[38;2;17;19;22m01001010010110000011000111010111100011011001111000100011011100111001001
[38;2;17;19;22m1011010010001110001010111111001110011110010010011101[38;2;31;33;36m1[38;2;29;31;34m1[38;2;17;19;22m0[38;2;18;20;23m011[38;2;17;19;22m11[38;2;20;22;25m1[38;2;21;23;26m0[38;2;17;19;22m001011001
[38;2;17;19;22m1100000101000010001011011010010111010110100111111011[38;2;54;56;59m1[38;2;65;66;70m1[38;2;36;36;39m0[38;2;42;42;46m1[38;2;45;45;48m1[38;2;40;40;44m1[38;2;34;34;37m0[38;2;22;24;27m0[38;2;30;32;35m1[38;2;37;38;41m0[38;2;17;19;22m010010110
[38;2;17;19;22m0011000000000100111000011001010111111110101000001000[38;2;23;25;28m1[38;2;45;44;47m1[38;2;53;53;57m1[38;2;144;145;147m1[38;2;136;137;140m0[38;2;68;68;73m1[38;2;48;47;51m1[38;2;41;42;45m0[38;2;17;19;22m10010111100
[38;2;17;19;22m1111100001110010100111001010001101100011000100001000[38;2;18;20;23m1[38;2;32;32;36m1[38;2;42;41;45m0[38;2;62;62;65m0[38;2;57;57;62m1[38;2;66;67;70m0[38;2;42;43;46m1[38;2;28;29;32m1[38;2;17;19;22m00011101010
[38;2;17;19;22m1100100010100111010101001110111001100001111111110001[38;2;29;31;34m0[38;2;17;19;22m1[38;2;19;21;24m0[38;2;21;23;26m1[38;2;23;25;28m0[38;2;32;34;37m0[38;2;20;22;25m0[38;2;17;19;22m101100110010
[38;2;17;19;22m1011110110111101011000111100000110101010100110001010[38;2;19;21;24m0[38;2;17;19;22m011011010010010000
[38;2;17;19;22m10101100110001110000011100000010100101001100110001101100010011011010100
[38;2;17;19;22m000110011010111111011001110110010[38;2;24;21;25m1[38;2;43;29;32m0[38;2;54;33;37m1[38;2;32;25;28m1[38;2;18;19;22m0[38;2;17;19;22m110001000111111111101111000011101
[38;2;17;19;22m0000001010011010011011000110[38;2;18;20;23m0[38;2;23;25;28m0[38;2;22;24;27m0[38;2;36;38;41m1[38;2;60;61;64m1[38;2;79;80;83m0[38;2;85;86;88m0[38;2;85;83;85m0[38;2;71;45;49m0[38;2;86;46;50m0[38;2;29;24;27m0[38;2;17;19;22m10100101110001000011111000110000
[38;2;17;19;22m000010101010111111110011011[38;2;66;68;71m0[38;2;171;172;173m1[38;2;209;209;210m0[38;2;203;204;205m1[38;2;224;224;224m0[38;2;246;246;246m0[38;2;253;253;253m1[38;2;254;254;254m0[38;2;181;182;183m0[38;2;26;28;31m1[38;2;36;26;29m1[38;2;76;42;47m1[38;2;17;19;22m11011111010110111110001011111010
[38;2;17;19;22m10111011001001010110001001[38;2;22;20;23m0[38;2;96;62;66m1[38;2;122;98;100m0[38;2;210;210;210m1[38;2;250;250;250m0[38;2;255;255;255m11[38;2;203;203;204m0[38;2;107;108;110m1[38;2;25;27;30m0[38;2;17;19;22m11[38;2;23;21;25m0[38;2;17;19;22m01100011100100010100011010010100
[38;2;17;19;22m11101100000100101000000[38;2;20;20;23m1[38;2;49;31;34m0[38;2;99;48;51m1[38;2;150;65;68m1[38;2;162;69;73m0[38;2;130;59;63m1[38;2;59;42;45m0[38;2;161;162;163m1[38;2;185;186;187m1[38;2;141;142;144m1[38;2;35;37;39m0[38;2;17;19;22m1110100110100100100110110111010010001
[38;2;17;19;22m11010000111101110000[38;2;23;21;24m1[38;2;52;31;34m0[38;2;109;51;55m1[38;2;156;67;71m0[38;2;142;62;65m1[38;2;94;46;49m1[38;2;45;28;32m1[38;2;23;21;24m0[38;2;18;19;22m0[38;2;17;19;22m0[38;2;23;25;28m1[38;2;21;23;26m1[38;2;17;19;22m001011010011001101000110100011110011101
[38;2;17;19;22m10011001100110100[38;2;29;24;27m1[38;2;65;36;39m0[38;2;116;54;57m0[38;2;145;64;68m1[38;2;130;59;62m0[38;2;75;39;43m1[38;2;29;24;27m1[38;2;17;19;22m00011100100010000000101001100010001001000100010
[38;2;17;19;22m00111101100110[38;2;24;22;25m1[38;2;71;38;42m1[38;2;130;58;61m0[38;2;136;60;64m0[38;2;105;49;53m1[38;2;58;33;37m1[38;2;28;23;26m0[38;2;17;19;22m01001100011101111100000100100001110001111110010010
[38;2;17;19;22m0000010101[38;2;19;20;23m1[38;2;37;26;29m0[38;2;77;40;43m1[38;2;118;54;57m0[38;2;130;59;62m0[38;2;87;44;47m0[38;2;34;25;29m0[38;2;19;20;23m1[38;2;17;19;22m00100100101100011010101100011111101011010001100011101
[38;2;17;19;22m1010010[38;2;18;19;22m1[38;2;39;27;30m0[38;2;83;42;46m0[38;2;107;51;55m1[38;2;103;49;53m0[38;2;68;37;40m0[38;2;31;24;27m0[38;2;18;19;22m0[38;2;17;19;22m11100001110101111111100010011110010011010001010010001110
[38;2;17;19;22m1011[38;2;20;20;23m0[38;2;35;25;29m0[38;2;79;41;44m0[38;2;96;47;51m0[38;2;84;43;46m0[38;2;44;29;32m0[38;2;24;22;25m0[38;2;17;19;22m000101100101011011000011100101011101011100110110010010010110
[38;2;17;19;22m0[38;2;19;20;23m0[38;2;37;26;29m0[38;2;56;32;36m1[38;2;69;37;41m0[38;2;64;36;39m1[38;2;30;24;27m0[38;2;17;19;22m1000011010011011011100001111011111010001010100110100110000010101
[38;2;35;25;29m1[38;2;42;28;32m1[38;2;35;26;29m0[38;2;24;21;25m1[38;2;17;19;22m1110100111111011101101001110001011101011110011011001001010110011011
[0m
