[38;2;16;17;21m01111101010010110100110101011111110110100010000110101110010111011011010
[38;2;16;17;21m01000100111011110110110100001111101011000001010000100010010100010001010
[38;2;16;17;21m10101100100001100110010100100011011011000010011010111100100100100100000
[38;2;16;17;21m01000100110111011011001110101001001011101000101[38;2;37;38;42m0[38;2;61;63;66m1[38;2;20;21;25m1[38;2;19;20;24m1[38;2;20;21;25m1[38;2;19;20;24m1[38;2;17;18;22m0[38;2;16;17;21m1[38;2;24;25;29m1[38;2;32;33;37m0[38;2;16;17;21m11110000111011
[38;2;16;17;21m00111101111000101000101001011111110010010100011[38;2;26;28;31m0[38;2;53;54;58m0[38;2;39;39;45m1[38;2;47;48;53m0[38;2;53;54;59m0[38;2;47;47;53m1[38;2;38;38;44m1[38;2;27;28;33m1[38;2;23;23;27m0[38;2;32;33;36m1[38;2;16;17;21m00011001110111
[38;2;16;17;21m10110010011101100110010011011001000111000001000[38;2;18;20;24m0[38;2;41;42;47m0[38;2;50;51;56m1[38;2;147;147;150m1[38;2;148;149;151m0[38;2;78;78;82m0[38;2;50;51;56m1[38;2;41;42;48m0[38;2;18;19;23m0[38;2;16;17;21m111100101101100
[38;2;16;17;21m011010010111010111100110000110111111110001101100[38;2;23;24;28m1[38;2;33;34;39m1[38;2;45;46;51m0[38;2;50;51;55m1[38;2;69;70;74m1[38;2;37;38;43m1[38;2;23;24;28m1[38;2;16;17;21m1111010010010111
[38;2;16;17;21m00000111101110000101111011000111000100010000111[38;2;28;29;33m1[38;2;16;17;21m10[38;2;17;18;22m01[38;2;18;19;23m0[38;2;16;17;21m111011101010110100
[38;2;16;17;21m010001100101001010010101000000110[38;2;21;19;23m1[38;2;36;24;29m1[38;2;44;28;33m0[38;2;28;22;26m0[38;2;16;17;21m0100111000011010101110110011000000
[38;2;16;17;21m1100100001111100010100010011110[38;2;18;19;23m1[38;2;22;23;27m0[38;2;28;28;32m1[38;2;46;43;47m0[38;2;56;47;51m1[38;2;73;42;47m1[38;2;89;46;51m0[38;2;27;22;26m1[38;2;16;17;21m11100001111010011100010110111010
[38;2;16;17;21m0101001110000001111010110000[38;2;40;41;45m1[38;2;96;96;99m1[38;2;126;127;129m0[38;2;180;180;181m0[38;2;226;226;227m1[38;2;250;250;250m0[38;2;254;254;254m1[38;2;232;232;233m0[38;2;57;58;62m0[38;2;32;24;28m0[38;2;95;48;53m1[38;2;17;18;22m1[38;2;16;17;21m0010111001000100010110001111010
[38;2;16;17;21m010000100111110110111111010[38;2;44;37;41m1[38;2;147;130;134m1[38;2;221;221;221m1[38;2;255;255;255m000[38;2;243;243;243m1[38;2;176;176;177m0[38;2;65;66;69m0[38;2;16;17;21m10[38;2;34;24;29m0[38;2;17;17;21m0[38;2;16;17;21m1110110010001010001101000100000
[38;2;16;17;21m010110110101111101011000[38;2;25;20;24m0[38;2;52;30;34m0[38;2;106;50;53m1[38;2;172;73;76m1[38;2;166;71;75m1[38;2;89;56;59m1[38;2;167;167;169m1[38;2;172;173;174m0[38;2;116;116;119m0[38;2;33;34;38m1[38;2;18;19;23m1[38;2;16;17;21m000110101101010010000101010110010110
[38;2;16;17;21m101111010001110010100[38;2;24;20;24m0[38;2;65;35;39m1[38;2;119;54;58m1[38;2;150;65;69m1[38;2;139;61;65m1[38;2;90;43;47m0[38;2;42;27;31m1[38;2;20;18;23m0[38;2;17;17;21m1[38;2;17;18;22m1[38;2;16;17;21m1001100001101101101101011000010011100011
[38;2;16;17;21m10001110011000111[38;2;18;18;22m1[38;2;28;21;25m1[38;2;71;37;40m0[38;2;126;56;61m1[38;2;154;67;71m0[38;2;121;55;59m1[38;2;68;36;40m1[38;2;31;22;26m1[38;2;18;18;22m0[38;2;16;17;21m100010001000010000100100111001011111111011101
[38;2;16;17;21m10010110010110[38;2;18;18;22m1[38;2;38;25;29m0[38;2;82;41;45m1[38;2;127;57;61m1[38;2;142;62;66m0[38;2;105;49;52m0[38;2;53;31;35m1[38;2;19;18;22m1[38;2;16;17;21m0111001111101110110101110000100001100110011011110
[38;2;16;17;21m100100010001[38;2;35;24;29m1[38;2;93;45;49m0[38;2;135;60;64m0[38;2;124;56;59m1[38;2;83;42;46m0[38;2;41;27;30m1[38;2;20;19;23m0[38;2;16;17;21m1110111110001101001001110000010101100110101010100010
[38;2;16;17;21m00101111[38;2;23;20;24m1[38;2;48;29;33m1[38;2;93;45;49m0[38;2;128;57;61m1[38;2;114;53;57m1[38;2;63;34;38m1[38;2;22;19;23m1[38;2;17;17;21m1[38;2;16;17;21m0111101001001001011000011010100111111110010100011101110
[38;2;16;17;21m01110[38;2;20;19;23m0[38;2;57;32;36m0[38;2;97;46;50m0[38;2;108;51;55m1[38;2;90;45;48m0[38;2;51;30;34m1[38;2;21;19;23m0[38;2;16;17;21m11000010111100010001011000011001010111010011000010001101011
[38;2;16;17;21m1[38;2;17;17;21m1[38;2;24;20;24m1[38;2;52;30;34m1[38;2;91;45;49m1[38;2;99;47;51m1[38;2;67;36;40m0[38;2;32;23;27m0[38;2;19;18;22m0[38;2;16;17;21m00011100111110110110100101111111000010110000101000111010000001
[38;2;50;29;33m1[38;2;71;38;42m1[38;2;76;39;43m1[38;2;54;31;35m0[38;2;20;19;23m0[38;2;16;17;21m000000001111101001000101101100110100111001001010101010010100000110
[38;2;34;24;27m1[38;2;19;18;22m1[38;2;16;17;21m011001010001111000101010101010110101100111100101001101010100000110001
[0m
