[38;2;15;16;19m01111001010101011100111100110110000101101001100010000010100001101001010
[38;2;15;16;19m10010100010001001010100110000101111100001110000111100000100001100010111
[38;2;15;16;19m00011010110010111001010001000001010000000000101111111001111100010110011
[38;2;15;16;19m11101011100100001001110111001111101101000100110110100001011111011000000
[38;2;15;16;19m111000101011010001010110101110000101111010[38;2;19;19;22m1[38;2;19;20;23m0[38;2;15;16;19m001001111010100000111010010
[38;2;15;16;19m010111001101101100000110111101101100010101[38;2;50;51;54m1[38;2;90;91;94m1[38;2;31;32;35m0[38;2;35;35;39m1[38;2;37;37;41m0[38;2;32;32;37m0[38;2;25;26;29m0[38;2;17;18;21m0[38;2;38;39;42m1[38;2;44;45;49m1[38;2;15;16;19m0001101010011110011
[38;2;15;16;19m000001110011101001000101011100000101110110[38;2;21;22;26m1[38;2;42;42;47m0[38;2;60;61;65m1[38;2;131;132;135m0[38;2;110;110;114m0[38;2;71;71;76m1[38;2;46;46;51m1[38;2;36;37;40m0[38;2;15;17;20m0[38;2;15;16;19m10111001110100110000
[38;2;15;16;19m0100001111010000010111011100000110[38;2;17;17;20m11[38;2;15;16;19m000100[38;2;18;19;22m1[38;2;36;37;42m1[38;2;52;52;56m1[38;2;100;101;104m1[38;2;78;79;83m1[38;2;71;71;75m0[38;2;43;43;46m0[38;2;29;30;34m0[38;2;15;16;19m000011001110001000110
[38;2;15;16;19m1110001010110000001110000010010100[38;2;24;20;23m0[38;2;45;28;31m1[38;2;62;35;39m0[38;2;57;33;36m0[38;2;21;18;21m0[38;2;15;16;19m00[38;2;16;17;21m0[38;2;21;22;25m0[38;2;16;17;20m0[38;2;20;21;24m1[38;2;24;25;28m0[38;2;30;31;34m1[38;2;38;39;42m1[38;2;18;19;22m1[38;2;15;16;19m0010100100011100110010
[38;2;15;16;19m1001011111001110010001000100100[38;2;22;23;26m1[38;2;59;60;62m1[38;2;101;102;104m0[38;2;124;124;126m0[38;2;135;136;137m1[38;2;122;120;122m0[38;2;52;34;37m1[38;2;105;53;57m0[38;2;32;23;26m1[38;2;15;16;19m1[38;2;16;17;20m0[38;2;18;19;22m1[38;2;15;16;19m1000000100010001100100100011
[38;2;15;16;19m01000001101100111101110100101[38;2;20;21;24m0[38;2;114;115;117m0[38;2;225;226;226m0[38;2;254;254;254m1[38;2;255;255;255m01[38;2;240;240;240m0[38;2;126;125;128m1[38;2;15;16;19m0[38;2;28;21;24m1[38;2;67;38;42m0[38;2;15;16;19m1001111011011110010010100111111
[38;2;15;16;19m010100000100011001111110110[38;2;27;21;24m0[38;2;115;52;55m0[38;2;95;56;59m0[38;2;184;183;184m0[38;2;234;235;235m0[38;2;227;227;228m0[38;2;196;197;198m1[38;2;140;140;142m1[38;2;60;61;64m1[38;2;17;18;21m1[38;2;15;16;19m01[38;2;18;17;20m1[38;2;15;16;19m1011100000000000110100001011101
[38;2;15;16;19m01011010001000111100110[38;2;19;17;20m0[38;2;37;24;27m1[38;2;84;41;44m1[38;2;136;60;64m0[38;2;165;70;73m1[38;2;126;55;59m0[38;2;99;46;50m0[38;2;40;28;31m0[38;2;22;23;26m0[38;2;21;22;25m1[38;2;18;19;22m1[38;2;15;16;19m0100011110101010000100110100000001111
[38;2;15;16;19m10101100010000101011[38;2;17;17;20m1[38;2;46;27;31m0[38;2;97;46;49m1[38;2;142;62;66m1[38;2;145;63;67m0[38;2;106;49;52m0[38;2;56;31;34m1[38;2;21;18;22m1[38;2;15;16;19m1111000110011101000001011110111011111100000
[38;2;15;16;19m01000000101010100[38;2;21;18;21m1[38;2;50;29;32m1[38;2;105;49;53m0[38;2;150;65;69m0[38;2;134;59;62m1[38;2;85;41;45m1[38;2;38;25;28m1[38;2;20;18;21m0[38;2;15;16;19m1001111011111000000110101100111110100001000001
[38;2;15;16;19m10010011100000[38;2;27;21;24m1[38;2;64;34;38m0[38;2;114;52;55m0[38;2;139;61;65m0[38;2;122;55;59m0[38;2;69;36;39m1[38;2;25;20;23m0[38;2;15;16;19m11010011011000100100001111110011100100100011111100
[38;2;15;16;19m01000101101[38;2;22;19;22m0[38;2;73;37;40m1[38;2;126;56;60m1[38;2;131;58;61m1[38;2;100;47;50m1[38;2;53;30;33m0[38;2;24;19;23m1[38;2;15;16;19m00000001111010000001101000001001111110111001110111110
[38;2;15;16;19m0110101[38;2;18;17;20m1[38;2;37;24;27m1[38;2;78;39;43m1[38;2;119;53;57m0[38;2;128;58;61m1[38;2;81;40;44m1[38;2;30;22;25m1[38;2;16;17;20m0[38;2;15;16;19m10110101100001011110110101001010110101111110111101111010
[38;2;15;16;19m0001[38;2;16;16;19m0[38;2;41;26;29m0[38;2;89;43;46m1[38;2;111;51;55m0[38;2;104;48;52m0[38;2;66;34;38m0[38;2;29;21;25m0[38;2;15;16;19m110001110010101000001110111001010100000000011010000111110001
[38;2;15;16;19m1[38;2;21;18;21m0[38;2;41;26;29m1[38;2;88;43;47m1[38;2;107;50;54m1[38;2;87;42;46m0[38;2;43;26;29m1[38;2;22;19;22m1[38;2;15;16;19m001000001001100100011111101111001111100111010111011111010010011
[38;2;77;40;43m1[38;2;87;42;46m1[38;2;71;37;40m0[38;2;32;22;25m0[38;2;15;16;19m1010100110010011110010110111111111011011101110101011010000100100000
[38;2;26;20;23m1[38;2;15;16;19m1100111100011111011101110110011001011010111011100001001100100011110011
[0m
