[38;2;15;16;19m00111011110010100110101001110011110010111000011110010001100111110101000
[38;2;15;16;19m11010001000000101011111010000000010111101111110010101011111000100110100
[38;2;15;16;19m01000110110010111000010110011011001011111111100010100110101000101111100
[38;2;15;16;19m01000100000111010010110111101001000110110010100110110110000011001000110
[38;2;15;16;19m10001100001010000001101001010001100111111111011111010000110000010001010
[38;2;15;16;19m10011001110100100100011011100110111010101110111100010001100111001011110
[38;2;15;16;19m10001011100000111101101001011001011011101101111101010111111010010100000
[38;2;15;16;19m0011100001101000010010100000010100000[38;2;35;36;39m0[38;2;92;93;96m1[38;2;31;32;35m1[38;2;23;24;27m0[38;2;25;25;29m0[38;2;22;23;27m1[38;2;18;19;22m1[38;2;15;16;19m0[38;2;24;25;28m1[38;2;48;49;52m1[38;2;15;16;19m000111000010111100110100
[38;2;15;16;19m100010111000001101011101110101101001[38;2;26;21;24m1[38;2;47;30;34m1[38;2;73;58;61m1[38;2;62;57;61m1[38;2;79;79;83m1[38;2;83;84;87m0[38;2;65;66;70m1[38;2;50;50;54m1[38;2;33;34;37m1[38;2;18;19;22m0[38;2;25;26;29m0[38;2;15;16;19m001101000100010000111110
[38;2;15;16;19m101010100111111100000100001000101[38;2;17;18;21m1[38;2;20;21;24m0[38;2;35;36;39m1[38;2;56;57;59m1[38;2;78;76;79m1[38;2;98;89;92m0[38;2;112;86;89m0[38;2;191;169;171m0[38;2;120;120;123m1[38;2;79;80;83m0[38;2;55;55;59m0[38;2;46;47;51m0[38;2;17;18;21m1[38;2;15;16;19m0110101111000100000011100
[38;2;15;16;19m000111110010000101000101010010[38;2;27;28;31m1[38;2;92;93;95m1[38;2;152;153;154m1[38;2;175;175;176m0[38;2;189;190;191m1[38;2;163;164;165m1[38;2;228;228;229m0[38;2;251;251;251m1[38;2;145;146;148m0[38;2;35;36;39m1[38;2;79;57;61m0[38;2;84;64;68m0[38;2;73;74;78m1[38;2;32;33;36m1[38;2;19;19;22m1[38;2;15;16;19m11010000001000101000110101
[38;2;15;16;19m11111001100010110001100101011[38;2;20;18;21m0[38;2;101;68;71m0[38;2;139;127;129m0[38;2;239;239;239m1[38;2;255;255;255m01[38;2;250;250;250m1[38;2;191;191;192m0[38;2;97;98;100m0[38;2;20;22;24m1[38;2;15;16;19m0[38;2;18;17;20m1[38;2;24;20;23m0[38;2;15;16;19m11111000110111100101100011010
[38;2;15;16;19m10011110000110001010100000[38;2;21;18;21m0[38;2;45;27;30m0[38;2;98;46;50m1[38;2;147;64;67m0[38;2;165;70;74m1[38;2;130;58;61m1[38;2;49;40;43m1[38;2;195;195;197m0[38;2;164;165;166m1[38;2;93;94;96m0[38;2;18;19;22m1[38;2;15;16;19m0001111101000001100001010011011010
[38;2;15;16;19m11011110110110101110010[38;2;21;18;21m0[38;2;57;31;35m1[38;2;110;50;54m0[38;2;148;64;67m0[38;2;142;62;66m0[38;2;95;45;48m1[38;2;46;27;31m0[38;2;18;17;20m1[38;2;15;16;19m00[38;2;17;18;21m0[38;2;15;16;19m1001010110110011111011100101101110110
[38;2;15;16;19m0000000000001010110[38;2;16;16;19m0[38;2;24;19;22m0[38;2;62;34;37m0[38;2;120;54;58m0[38;2;156;67;70m1[38;2;126;56;60m0[38;2;75;38;41m0[38;2;33;23;26m0[38;2;18;17;20m1[38;2;15;16;19m0001111100101000101110001000101010111000100
[38;2;15;16;19m0001110000001110[38;2;16;16;19m0[38;2;35;23;26m0[38;2;77;38;42m0[38;2;124;56;59m0[38;2;144;63;66m1[38;2;114;52;55m0[38;2;59;32;35m0[38;2;20;18;21m1[38;2;15;16;19m01111100100001011101101110100010100111001110101
[38;2;15;16;19m00010011111010[38;2;32;23;26m0[38;2;88;43;46m0[38;2;138;60;64m0[38;2;130;58;61m1[38;2;92;44;47m1[38;2;47;28;31m0[38;2;21;18;21m0[38;2;15;16;19m11010101110010110010110001010001011011000010000110
[38;2;15;16;19m1011010101[38;2;21;18;21m0[38;2;48;28;31m1[38;2;94;45;49m0[38;2;131;58;62m0[38;2;127;56;60m1[38;2;73;37;41m1[38;2;24;20;23m1[38;2;16;16;19m0[38;2;15;16;19m01111000010000010101000010111010001011000111000110100
[38;2;15;16;19m0110001[38;2;20;18;21m0[38;2;56;32;35m1[38;2;104;48;52m0[38;2;121;55;58m1[38;2;104;48;52m1[38;2;60;32;35m0[38;2;25;20;23m0[38;2;15;16;19m010110000110011011010100100010101101100100000100001110110
[38;2;15;16;19m001[38;2;16;16;19m0[38;2;25;19;22m0[38;2;60;32;35m0[38;2;107;50;53m1[38;2;118;54;57m0[38;2;84;42;45m1[38;2;40;26;29m1[38;2;21;18;21m0[38;2;15;16;19m001000001011010000011001010100011111000110111011011011001000
[38;2;16;16;19m1[38;2;32;23;26m1[38;2;68;36;39m0[38;2;97;46;50m0[38;2;102;48;52m0[38;2;73;37;40m1[38;2;27;21;24m1[38;2;15;16;19m0100111111010011010001000111011110011101111000111110100000000010
[38;2;96;46;49m1[38;2;83;41;44m1[38;2;51;29;32m1[38;2;26;20;23m0[38;2;15;16;19m0001101011000000110011000101101110100100010001111010101101111011011
[0m
