[38;2;52;52;56m01100000011010001101000110011011100[38;2;52;52;55m1[38;2;52;52;56m10000000010011001111011000000010111
[38;2;52;52;56m100101101111100011[38;2;53;53;57m0[38;2;52;52;56m1001100100111011110111101101111011111111001010110000
[38;2;52;52;56m1001000000100110010[38;2;55;55;59m0[38;2;54;54;58m1[38;2;52;52;56m01001011011100001001111000100100010001001010111100
[38;2;52;52;56m10001110011001010001[38;2;54;54;58m0[38;2;56;56;60m0[38;2;54;54;58m0[38;2;53;53;57m0[38;2;52;52;56m00110011111110001101110110011000011100111111011
[38;2;52;52;56m111001001001001000001[38;2;53;53;57m1[38;2;58;57;61m11[38;2;55;54;58m1[38;2;53;53;57m1[38;2;52;52;56m010010011000001001000001001111100010000001000
[38;2;52;52;56m0000101[38;2;52;52;55m1[38;2;52;52;56m0001110001010[38;2;52;52;55m1[38;2;52;52;56m1[38;2;54;54;58m1[38;2;59;59;62m0[38;2;62;60;64m0[38;2;56;56;60m0[38;2;53;53;57m1[38;2;52;52;56m0100000110110100[38;2;52;52;55m0[38;2;52;52;56m1111101[38;2;52;52;55m1[38;2;52;52;56m110100100010100001
[38;2;52;52;56m1100110011100000000110001[38;2;57;56;60m1[38;2;64;61;65m1[38;2;65;62;66m0[38;2;58;56;60m1[38;2;53;52;56m0[38;2;52;52;56m11011101110111011110101010111111011101111
[38;2;52;52;56m10100011001011101000001101[38;2;53;53;57m1[38;2;61;59;63m1[38;2;70;65;69m0[38;2;66;62;66m1[38;2;57;55;59m1[38;2;52;52;56m1011111111111111010101110100010100001100
[38;2;52;52;56m1000110000100110001111101110[38;2;57;56;59m0[38;2;70;65;68m1[38;2;79;71;74m1[38;2;72;66;69m1[38;2;56;55;59m0[38;2;52;52;56m00110111110001101011111111011110100111
[38;2;52;52;56m00010000000001100000111001011[38;2;53;53;56m1[38;2;58;57;61m1[38;2;81;73;76m0[38;2;93;79;82m1[38;2;75;71;75m0[38;2;60;60;63m1[38;2;61;61;65m1[38;2;61;62;65m0[38;2;59;59;63m1[38;2;54;55;59m0[38;2;55;55;59m1[38;2;66;66;69m1[38;2;55;55;59m0[38;2;52;52;56m01100011110101101100110000101
[38;2;52;52;56m1011100110111111100110100000000[38;2;56;56;60m0[38;2;100;98;101m0[38;2;189;183;185m1[38;2;172;158;160m0[38;2;149;147;149m0[38;2;145;146;148m0[38;2;143;145;146m1[38;2;158;160;161m0[38;2;208;208;209m1[38;2;225;225;226m1[38;2;113;114;117m1[38;2;54;54;58m0[38;2;52;52;56m0011001101110111001001100000
[38;2;52;52;56m1100011101111010100010100101101[38;2;70;71;74m0[38;2;97;100;101m1[38;2;157;157;159m0[38;2;210;204;205m0[38;2;245;242;243m1[38;2;247;247;247m0[38;2;252;252;252m0[38;2;226;227;228m0[38;2;166;167;169m1[38;2;105;107;108m1[38;2;56;57;61m1[38;2;52;52;56m00110111110110010110101010000
[38;2;52;52;56m01000010010000001000001101101[38;2;53;52;56m1[38;2;64;56;60m0[38;2;104;77;80m1[38;2;175;126;128m0[38;2;220;182;184m0[38;2;217;205;207m1[38;2;205;204;206m1[38;2;210;209;210m1[38;2;234;226;227m0[38;2;188;176;178m1[38;2;124;123;126m0[38;2;77;78;81m1[38;2;53;53;57m0[38;2;52;52;56m10111000000011000001011101001
[38;2;52;52;56m110100000101100000000010100[38;2;67;57;61m1[38;2;111;74;78m1[38;2;165;92;96m1[38;2;186;100;104m1[38;2;166;93;97m0[38;2;119;85;89m1[38;2;82;74;78m1[38;2;86;87;90m1[38;2;98;99;102m1[38;2;104;105;108m1[38;2;124;124;127m0[38;2;112;101;105m0[38;2;107;91;95m1[38;2;75;68;72m0[38;2;56;55;59m1[38;2;52;52;56m00001110010011011000101101011
[38;2;52;52;56m10010101000010111011111[38;2;55;53;57m1[38;2;71;59;62m1[38;2;121;76;80m0[38;2;175;97;101m0[38;2;188;102;106m0[38;2;145;86;90m1[38;2;93;67;71m0[38;2;62;56;60m0[38;2;53;52;56m0[38;2;54;54;58m0[38;2;52;52;56m110[38;2;53;53;57m1[38;2;52;52;56m1[38;2;53;52;56m1[38;2;62;60;63m1[38;2;80;71;74m1[38;2;82;73;76m1[38;2;65;61;64m1[38;2;55;54;58m0[38;2;52;52;56m111010100100010010101111101
[38;2;52;52;56m00001001101101010001[38;2;57;54;58m1[38;2;87;64;68m0[38;2;136;82;85m0[38;2;174;96;100m1[38;2;181;98;102m0[38;2;133;81;85m1[38;2;79;61;65m1[38;2;53;52;56m1[38;2;52;52;56m111001110101[38;2;53;53;56m1[38;2;61;59;62m1[38;2;74;68;72m0[38;2;69;65;69m1[38;2;59;58;61m1[38;2;53;53;57m0[38;2;52;52;56m0000011000100000000111111
[38;2;52;52;56m10110110000100000[38;2;54;53;57m1[38;2;90;66;70m0[38;2;150;87;90m1[38;2;183;99;103m0[38;2;161;90;94m0[38;2;112;72;76m0[38;2;72;59;63m1[38;2;54;53;57m1[38;2;52;52;56m11010110000110111[38;2;54;54;57m1[38;2;61;59;62m1[38;2;67;64;67m1[38;2;66;63;66m1[38;2;55;55;59m0[38;2;52;52;56m110110101001101101010000
[38;2;52;52;56m000[38;2;52;52;55m0[38;2;52;52;56m110101000[38;2;53;52;56m0[38;2;67;57;61m1[38;2;102;70;74m1[38;2;152;88;91m1[38;2;181;98;102m1[38;2;148;86;90m1[38;2;93;67;70m0[38;2;56;53;57m0[38;2;52;52;56m10101000000101011110000[38;2;53;53;57m0[38;2;61;59;63m1[38;2;60;59;62m1[38;2;59;59;62m0[38;2;53;54;57m1[38;2;52;52;56m0011101001110000100000
[38;2;52;52;56m01000010000[38;2;69;58;62m0[38;2;117;75;79m1[38;2;160;90;94m0[38;2;162;90;94m1[38;2;131;80;84m0[38;2;85;64;68m0[38;2;56;53;57m0[38;2;52;52;56m0100111010010010110000001000[38;2;54;54;58m1[38;2;58;58;61m0[38;2;60;58;62m0[38;2;55;55;59m1[38;2;53;53;57m0[38;2;52;52;56m00101011000100100011
[38;2;52;52;56m0101011[38;2;56;54;57m1[38;2;74;60;64m0[38;2;121;76;80m0[38;2;164;91;95m0[38;2;155;90;94m0[38;2;109;72;76m1[38;2;69;58;61m0[38;2;55;53;57m1[38;2;52;52;56m00111110100101011111[38;2;52;52;55m1[38;2;52;52;56m100011001000[38;2;53;53;57m1[38;2;55;56;59m0[38;2;58;57;61m1[38;2;53;53;57m1[38;2;52;52;56m0110011001101001101
[38;2;52;52;56m0011[38;2;57;54;58m0[38;2;88;65;68m1[38;2;129;78;82m0[38;2;153;88;92m1[38;2;143;84;87m1[38;2;97;68;71m1[38;2;57;54;58m1[38;2;52;52;56m001101000010001000111101001011110101100[38;2;53;53;57m0[38;2;56;55;59m0[38;2;53;54;57m1[38;2;52;52;56m101000000010001011
[38;2;52;52;56m1[38;2;53;52;56m0[38;2;89;65;69m1[38;2;140;83;87m0[38;2;147;87;91m0[38;2;119;76;80m1[38;2;82;62;66m1[38;2;58;54;58m0[38;2;52;52;56m10100010001001110000100001011101110101100001[38;2;53;53;56m0[38;2;53;53;57m1[38;2;52;52;56m01001011100001000
[0m
