[38;2;32;32;36m1110[38;2;34;33;37m1[38;2;35;35;38m0[38;2;43;40;43m1[38;2;43;41;43m0[38;2;47;43;46m0[38;2;40;39;42m1[38;2;35;35;38m1[38;2;33;33;37m1[38;2;32;32;36m1011001100011010100010101110011[38;2;41;41;45m1[38;2;58;58;61m0[38;2;52;52;56m0[38;2;33;33;37m0[38;2;32;32;36m010100101100001010101110
[38;2;32;32;36m000011[38;2;36;36;39m0[38;2;39;39;41m0[38;2;46;42;46m0[38;2;49;44;47m1[38;2;45;42;45m0[38;2;40;39;42m1[38;2;36;35;39m1[38;2;34;34;37m1[38;2;32;32;36m110011111110001001011000100[38;2;40;40;44m1[38;2;71;71;75m1[38;2;62;62;66m1[38;2;38;38;42m1[38;2;32;32;36m10111010011111110101101100
[38;2;32;32;36m0110011[38;2;33;32;37m1[38;2;36;35;39m1[38;2;44;40;44m0[38;2;50;45;47m1[38;2;49;44;47m1[38;2;44;41;44m00[38;2;37;36;40m1[38;2;34;34;37m1[38;2;32;32;36m01010100011110111110110[38;2;33;33;37m0[38;2;90;91;94m0[38;2;90;91;95m0[38;2;40;41;45m1[38;2;32;32;36m1001010010111010100111001101
[38;2;32;32;36m011100111[38;2;33;33;37m0[38;2;42;40;42m1[38;2;45;43;46m1[38;2;54;47;50m0[38;2;54;48;51m1[38;2;52;46;49m0[38;2;41;40;42m1[38;2;37;35;39m0[38;2;32;32;36m11010101100001100000100[38;2;34;34;38m0[38;2;32;33;36m1[38;2;32;32;36m00000000110111000100101001001
[38;2;32;32;36m1101101011[38;2;33;33;37m1[38;2;34;33;37m1[38;2;42;40;43m1[38;2;51;47;50m1[38;2;57;50;53m1[38;2;55;48;51m1[38;2;45;42;46m0[38;2;43;40;43m0[38;2;34;34;37m0[38;2;32;32;36m0110010110110101011110000001101101101010001101101011
[38;2;32;32;36m1110001001101[38;2;39;37;41m0[38;2;47;43;46m1[38;2;53;47;50m0[38;2;60;51;54m1[38;2;63;54;57m1[38;2;50;44;47m1[38;2;38;37;41m0[38;2;34;34;38m0[38;2;32;32;36m10010111101011110110001111110011011000110110100101
[38;2;32;32;36m11111110000111[38;2;34;34;37m0[38;2;43;40;43m1[38;2;49;45;47m1[38;2;72;59;62m0[38;2;68;55;58m1[38;2;60;51;54m0[38;2;49;44;47m0[38;2;41;39;42m1[38;2;36;34;38m0[38;2;32;32;36m100101011110111101110010110110000001111000010111
[38;2;32;32;36m010011100001001[38;2;33;33;37m1[38;2;37;36;39m1[38;2;40;38;41m0[38;2;58;48;52m0[38;2;65;56;59m0[38;2;79;63;66m1[38;2;66;54;57m0[38;2;43;41;44m1[38;2;38;37;40m1[38;2;34;34;37m0[38;2;32;32;36m1101111101001010000111100000100101111010110111
[38;2;32;32;36m10010011111111010[38;2;32;33;36m1[38;2;36;35;39m0[38;2;43;40;43m1[38;2;67;56;59m1[38;2;84;66;68m0[38;2;80;65;68m0[38;2;62;53;57m0[38;2;54;49;52m0[38;2;45;44;48m0[38;2;47;47;51m1[38;2;51;52;56m1[38;2;54;55;59m0[38;2;55;57;61m01[38;2;54;56;60m0[38;2;52;54;57m0[38;2;48;49;52m0[38;2;43;44;47m0[38;2;38;38;42m0[38;2;33;33;37m0[38;2;32;32;36m001[38;2;45;45;49m1[38;2;69;69;72m1[38;2;33;33;37m1[38;2;32;32;36m0010001111010101001000000101
[38;2;32;32;36m0101011000001110111[38;2;35;34;38m1[38;2;41;39;43m0[38;2;51;47;50m0[38;2;87;74;77m0[38;2;121;101;104m0[38;2;124;105;108m0[38;2;95;89;92m0[38;2;81;79;83m1[38;2;73;74;77m1[38;2;69;71;75m0[38;2;70;72;76m11[38;2;69;73;76m0[38;2;69;72;75m01[38;2;69;71;75m0[38;2;66;70;73m1[38;2;63;65;68m0[38;2;57;57;61m0[38;2;88;89;92m1[38;2;162;162;164m0[38;2;223;223;224m1[38;2;178;179;181m1[38;2;34;34;38m0[38;2;32;32;36m1100010010101000011001011010
[38;2;32;32;36m1100011100001001001[38;2;33;33;37m0[38;2;48;49;53m1[38;2;70;71;74m0[38;2;79;78;82m1[38;2;87;83;87m0[38;2;124;105;108m0[38;2;156;129;132m0[38;2;149;126;128m1[38;2;116;109;113m1[38;2;105;104;107m0[38;2;103;102;106m0[38;2;100;101;105m0[38;2;97;99;103m1[38;2;93;95;99m0[38;2;86;88;91m0[38;2;83;85;89m1[38;2;111;113;115m0[38;2;170;171;173m1[38;2;229;230;230m0[38;2;251;251;251m1[38;2;232;231;232m0[38;2;182;182;183m0[38;2;104;105;108m1[38;2;32;32;36m11111110111111100011100101110
[38;2;32;32;36m1011111010001100011[38;2;53;54;58m0[38;2;69;72;75m01[38;2;70;72;76m0[38;2;73;75;79m1[38;2;103;100;104m0[38;2;132;124;127m1[38;2;194;174;176m1[38;2;224;206;208m1[38;2;176;154;156m0[38;2;126;120;124m1[38;2;114;114;118m0[38;2;111;111;115m0[38;2;128;129;133m0[38;2;178;179;181m0[38;2;223;224;225m0[38;2;241;242;242m0[38;2;210;210;211m1[38;2;160;162;163m1[38;2;115;117;119m1[38;2;85;87;90m0[38;2;61;64;67m0[38;2;35;35;39m0[38;2;32;32;36m00100100101110011010011111010
[38;2;32;32;36m110100011010100110[38;2;38;38;42m1[38;2;67;70;74m0[38;2;69;72;75m001[38;2;92;94;97m1[38;2;109;110;114m1[38;2;110;111;115m1[38;2;122;119;123m0[38;2;143;134;136m0[38;2;208;182;184m0[38;2;218;195;197m0[38;2;191;181;183m0[38;2;214;210;211m1[38;2;215;215;216m1[38;2;186;184;186m0[38;2;146;147;150m1[38;2;117;118;121m0[38;2;104;105;109m0[38;2;70;73;76m0[38;2;69;72;75m111[38;2;47;48;52m1[38;2;32;32;36m10001110001010011111011100000
[38;2;32;32;36m001111101001011000[38;2;38;39;43m1[38;2;68;71;74m1[38;2;69;72;75m011[38;2;93;95;99m1[38;2;108;109;113m0[38;2;114;111;115m0[38;2;145;127;131m0[38;2;189;150;153m1[38;2;213;167;171m1[38;2;205;189;191m0[38;2;220;202;204m0[38;2;218;193;195m1[38;2;151;139;142m0[38;2;121;118;121m1[38;2;113;112;116m1[38;2;109;110;114m1[38;2;103;104;108m0[38;2;71;73;77m1[38;2;69;72;75m100[38;2;48;49;53m1[38;2;32;32;36m00100000000000001000101100011
[38;2;32;32;36m011111110111001110[38;2;33;33;37m1[38;2;56;58;61m1[38;2;69;71;75m0[38;2;71;72;75m0[38;2;80;76;79m1[38;2;123;96;99m1[38;2;187;137;140m0[38;2;208;157;160m0[38;2;183;146;150m1[38;2;142;126;130m0[38;2;119;115;119m0[38;2;116;114;118m1[38;2;134;129;133m1[38;2;204;190;192m1[38;2;205;177;179m0[38;2;182;158;160m1[38;2;139;130;133m1[38;2;108;107;111m1[38;2;81;82;86m1[38;2;69;72;75m00[38;2;69;73;76m0[38;2;63;65;69m1[38;2;35;36;40m1[38;2;32;32;36m10101101111111011110000100111
[38;2;32;32;36m001110011101000000[38;2;35;33;37m0[38;2;59;43;47m0[38;2;121;77;81m1[38;2;170;111;114m0[38;2;183;118;121m0[38;2;147;103;105m0[38;2;99;84;88m0[38;2;78;80;83m0[38;2;96;98;102m0[38;2;96;97;101m1[38;2;100;101;105m1[38;2;102;103;107m1[38;2;105;106;109m1[38;2;109;108;112m1[38;2;119;114;117m0[38;2;153;132;134m0[38;2;170;142;144m0[38;2;134;113;115m1[38;2;95;87;91m1[38;2;80;79;83m1[38;2;69;72;76m0[38;2;58;59;63m1[38;2;37;37;41m0[38;2;32;32;36m011111100001101000111110001101
[38;2;32;32;36m1001010001110101[38;2;59;41;45m1[38;2;118;63;67m0[38;2;160;78;82m1[38;2;142;71;75m1[38;2;100;57;61m0[38;2;61;48;52m1[38;2;55;55;58m0[38;2;64;66;69m0[38;2;69;72;75m0110[38;2;70;73;76m1[38;2;71;74;77m11[38;2;72;73;77m0[38;2;74;75;79m0[38;2;80;78;82m0[38;2;96;89;92m1[38;2;132;113;116m1[38;2;129;107;110m1[38;2;96;83;86m0[38;2;60;55;58m1[38;2;39;37;41m0[38;2;33;33;37m0[38;2;32;32;36m011001111101010010000110000100
[38;2;32;32;36m111000001110[38;2;43;36;40m1[38;2;73;47;51m1[38;2;122;64;68m1[38;2;156;77;81m0[38;2;137;70;74m1[38;2;80;49;53m0[38;2;38;34;38m0[38;2;33;32;36m0[38;2;32;32;36m0000[38;2;37;37;41m1[38;2;45;46;50m1[38;2;51;51;55m0[38;2;55;57;61m0[38;2;58;60;64m1[38;2;60;62;65m0[38;2;60;61;65m1[38;2;59;61;64m1[38;2;56;59;62m1[38;2;52;54;58m1[38;2;50;51;54m1[38;2;49;47;50m0[38;2;58;51;54m0[38;2;86;69;72m0[38;2;81;64;67m1[38;2;64;55;58m1[38;2;50;45;48m0[38;2;39;38;42m0[38;2;34;34;38m0[38;2;32;32;36m1001001100101111100011100001
[38;2;32;32;36m100011110[38;2;42;36;40m0[38;2;86;51;56m0[38;2;133;68;72m0[38;2;141;72;76m1[38;2;117;63;66m1[38;2;70;46;50m1[38;2;38;34;38m0[38;2;32;32;36m0101000001000010010[38;2;33;33;37m0[38;2;39;38;41m1[38;2;51;47;50m0[38;2;64;55;58m0[38;2;75;62;65m0[38;2;70;58;61m0[38;2;54;48;51m0[38;2;45;42;45m0[38;2;39;36;40m1[38;2;34;33;37m1[38;2;32;32;36m11100011111000100101110000
[38;2;32;32;36m01010[38;2;35;33;37m0[38;2;48;37;42m1[38;2;92;53;57m1[38;2;138;70;75m1[38;2;138;71;75m1[38;2;97;56;60m1[38;2;52;39;43m1[38;2;36;33;37m1[38;2;32;32;36m011010000000111101000110[38;2;34;34;37m0[38;2;37;36;39m1[38;2;47;42;46m1[38;2;66;55;57m1[38;2;63;53;57m0[38;2;61;52;55m1[38;2;55;48;51m1[38;2;45;42;45m1[38;2;35;34;38m0[38;2;32;32;36m1100111110100011001111111
[38;2;32;32;36m11[38;2;35;33;37m1[38;2;60;42;46m0[38;2;102;57;61m0[38;2;129;67;71m1[38;2;126;65;69m0[38;2;85;51;55m0[38;2;42;35;39m1[38;2;32;32;36m011011111011011100011100011010[38;2;34;33;37m1[38;2;39;38;41m0[38;2;46;42;45m1[38;2;67;56;59m0[38;2;59;50;53m0[38;2;56;48;51m0[38;2;46;43;45m1[38;2;38;37;40m1[38;2;34;34;38m1[38;2;32;32;36m10001100111111101100100
[38;2;59;41;45m0[38;2;115;62;66m0[38;2;129;67;71m0[38;2;106;58;62m0[38;2;69;45;49m1[38;2;41;35;39m1[38;2;32;32;36m1011010110010011011100010011011101[38;2;33;33;37m1[38;2;36;35;39m1[38;2;40;38;42m1[38;2;48;44;47m0[38;2;59;51;54m0[38;2;55;48;51m1[38;2;53;46;49m0[38;2;43;40;44m1[38;2;36;35;39m1[38;2;32;32;36m0101011011101100111010
[0m
