[38;2;24;27;34m00010001001111001000111100110101111010100000000011010101110011110101000
[38;2;24;27;34m01100100100111100101011011110010010001011011101100000111011111011000010
[38;2;24;27;34m10111000111010001111000011101001110001010011000110100000000111001001011
[38;2;24;27;34m01011001000100101000001100100000110000101010010000111100010000100100001
[38;2;24;27;34m10111101110001000001000010111010000011010000110101111111101101110111011
[38;2;24;27;34m01001100001001001000100111101111000100111101001001100110011001010101110
[38;2;24;27;34m00011001001010001010000011110111100010101010000011111111111001001011110
[38;2;24;27;34m11010000111100011101010101000110011101010111000010110011101101101111101
[38;2;24;27;34m01000100111111001011101111011010011001100011010000100011101100000101110
[38;2;24;27;34m10111001110011100001011100111111010000110110001011000000100110100000101
[38;2;24;27;34m11000000101001000001101001001100[38;2;25;28;34m0[38;2;28;29;36m0[38;2;30;30;36m1[38;2;31;29;36m0[38;2;27;28;35m0[38;2;24;27;34m1011011011000101111101101111011000
[38;2;24;27;34m101000000000110010111110011[38;2;41;43;49m0[38;2;81;83;88m0[38;2;78;80;85m0[38;2;112;114;119m1[38;2;125;126;130m0[38;2;146;147;149m0[38;2;191;192;194m0[38;2;175;176;178m0[38;2;40;42;48m1[38;2;31;30;36m0[38;2;29;29;36m0[38;2;24;27;34m000011110011110011110110100000001
[38;2;24;27;34m10110110110101011010111000[38;2;76;77;82m0[38;2;201;199;200m1[38;2;247;248;248m0[38;2;252;252;252m01[38;2;198;199;200m1[38;2;192;193;194m0[38;2;221;221;222m0[38;2;99;101;105m0[38;2;25;28;35m1[38;2;24;27;34m0[38;2;28;29;35m1[38;2;24;27;34m0011100011110000011100010[38;2;25;28;35m00[38;2;24;27;34m100011
[38;2;24;27;34m110010001000101101100111[38;2;29;29;36m1[38;2;66;40;47m0[38;2;150;66;71m0[38;2;141;66;71m1[38;2;138;123;127m1[38;2;214;215;216m0[38;2;255;255;255m1[38;2;250;250;250m1[38;2;133;134;138m0[38;2;40;43;49m0[38;2;24;27;34m111110100001001100011101001[38;2;25;28;35m1[38;2;34;37;43m0[38;2;31;34;41m0[38;2;25;28;35m1[38;2;24;27;34m011000
[38;2;24;27;34m100110110110111000010[38;2;30;29;36m0[38;2;65;40;46m1[38;2;120;57;63m1[38;2;161;70;74m1[38;2;138;63;69m0[38;2;93;49;55m1[38;2;63;39;46m0[38;2;33;30;37m1[38;2;83;85;90m1[38;2;104;106;110m1[38;2;62;64;70m0[38;2;28;31;38m0[38;2;24;27;34m10111011010011101111011111[38;2;26;29;36m1[38;2;43;45;51m1[38;2;46;48;54m1[38;2;30;33;39m0[38;2;24;27;34m10011001
[38;2;24;27;34m010111101011011110[38;2;35;30;37m0[38;2;70;42;48m1[38;2;114;55;61m0[38;2;139;63;68m1[38;2;119;57;62m0[38;2;70;41;47m0[38;2;31;29;36m0[38;2;24;27;34m10101001101010001000010100010110[38;2;27;30;36m1[38;2;49;51;57m0[38;2;60;62;67m0[38;2;37;40;46m1[38;2;24;27;34m0101111110
[38;2;24;27;34m100101110101010[38;2;26;27;34m0[38;2;66;40;47m0[38;2;109;54;59m1[38;2;112;55;60m1[38;2;87;46;52m1[38;2;51;35;42m0[38;2;29;29;36m1[38;2;24;27;34m1110001100011011001010100101100000[38;2;70;72;78m1[38;2;85;87;92m1[38;2;45;47;54m1[38;2;25;28;35m0[38;2;24;27;34m00110011000
[38;2;24;27;34m001100001110[38;2;25;27;34m0[38;2;42;33;39m1[38;2;71;42;47m1[38;2;86;46;52m0[38;2;59;38;44m1[38;2;27;28;35m0[38;2;25;27;34m1[38;2;24;27;34m0000110010000011000100111100101100100[38;2;31;33;40m1[38;2;27;30;37m1[38;2;24;27;34m0001110010010
[38;2;24;27;34m100000100010[38;2;26;28;35m0[38;2;35;30;37m1[38;2;25;27;34m1[38;2;24;27;34m10100110001001000101010011001000011110111101001011011111
[38;2;24;27;34m10010000100011010001100000100111011101111010100101101000100110100101101
[38;2;24;27;34m00100110101101001011100111101110100001001100101110110010101100011010111
[38;2;24;27;34m01110101011000011111101111011101101011111010110001110001001001101001011
[0m
