[38;2;19;18;22m1[38;2;17;17;21m0[38;2;16;16;19m1[38;2;15;16;19m10110100000111011011011000101110110010111111000000110000011001101001
[38;2;32;26;30m1[38;2;27;24;28m0[38;2;22;21;25m1[38;2;16;16;19m0[38;2;15;16;19m1010000001101001100111000011010100110111101100010110010000010010001
[38;2;42;34;38m1[38;2;39;32;35m0[38;2;28;24;28m0[38;2;27;24;27m0[38;2;22;20;23m0[38;2;15;16;19m1101001011010110111100111110111[38;2;17;18;22m0[38;2;16;17;20m0[38;2;15;16;19m001010001100010001010111010110001
[38;2;34;30;34m1[38;2;44;34;38m1[38;2;40;31;36m0[38;2;31;26;30m10[38;2;26;22;26m1[38;2;19;19;22m1[38;2;15;16;19m010101100101110101010101101[38;2;24;25;28m0[38;2;28;29;33m0[38;2;20;21;25m0[38;2;15;16;19m1110010111111000101000001000010011
[38;2;27;24;27m1[38;2;32;27;31m1[38;2;36;31;35m1[38;2;42;33;38m0[38;2;41;33;37m1[38;2;33;28;32m0[38;2;31;25;30m0[38;2;21;19;22m1[38;2;17;17;20m1[38;2;15;16;19m10011001010110110001111[38;2;26;27;30m1[38;2;45;46;49m0[38;2;29;30;33m1[38;2;16;17;21m1[38;2;15;16;19m01101101010100101100010001001111000
[38;2;21;19;22m1[38;2;27;23;27m1[38;2;25;23;27m0[38;2;35;29;33m0[38;2;50;37;42m0[38;2;64;47;51m0[38;2;54;41;45m1[38;2;36;30;34m1[38;2;29;25;29m0[38;2;18;18;22m1[38;2;19;19;22m0[38;2;15;16;19m110010011110011010[38;2;16;17;20m0[38;2;33;34;37m0[38;2;55;56;60m1[38;2;43;44;47m1[38;2;15;16;19m10101100000110111001011100101001101101
[38;2;15;16;19m01[38;2;22;20;24m0[38;2;27;24;28m1[38;2;41;32;36m1[38;2;47;36;41m1[38;2;51;41;44m0[38;2;54;42;46m1[38;2;47;36;40m1[38;2;40;30;35m1[38;2;36;28;32m0[38;2;24;22;26m0[38;2;17;17;21m0[38;2;15;16;19m010001000000001[38;2;18;19;22m1[38;2;79;79;83m0[38;2;62;63;66m0[38;2;21;22;25m1[38;2;15;16;19m111100110000001111001100101101110111110
[38;2;15;16;19m110[38;2;17;17;20m1[38;2;23;20;23m1[38;2;22;20;24m0[38;2;45;34;39m1[38;2;47;36;41m0[38;2;57;44;48m1[38;2;64;46;50m0[38;2;51;38;42m1[38;2;35;28;33m0[38;2;23;21;25m0[38;2;21;20;23m1[38;2;16;17;20m0[38;2;16;16;19m1[38;2;15;16;19m1[38;2;16;17;20m1[38;2;17;18;21m0[38;2;18;19;22m1[38;2;19;20;23m11011[38;2;18;19;22m1[38;2;17;18;21m1[38;2;16;17;20m10[38;2;18;19;22m1[38;2;16;17;20m1[38;2;15;16;19m0000100011[38;2;17;18;21m1[38;2;34;35;38m1[38;2;77;78;81m1[38;2;28;29;32m1[38;2;15;16;19m11000001011001100001101101
[38;2;15;16;19m101100[38;2;21;20;24m0[38;2;22;22;25m1[38;2;34;29;33m1[38;2;68;50;54m0[38;2;71;51;56m1[38;2;80;55;59m1[38;2;49;38;42m1[38;2;40;34;38m0[38;2;36;34;37m1[38;2;36;36;39m0[38;2;39;40;44m1[38;2;43;44;48m0[38;2;46;47;51m1[38;2;49;50;53m0[38;2;50;51;55m0[38;2;51;52;56m00[38;2;51;53;57m0[38;2;50;51;55m0[38;2;49;50;54m0[38;2;47;47;51m0[38;2;44;44;48m1[38;2;40;41;45m0[38;2;34;36;38m0[38;2;27;28;32m1[38;2;21;22;25m1[38;2;16;17;20m0[38;2;15;16;19m00010[38;2;16;17;20m0[38;2;37;38;41m1[38;2;96;96;99m1[38;2;168;168;170m0[38;2;212;212;213m0[38;2;174;174;176m0[38;2;27;28;31m0[38;2;15;16;19m01011010111100000110011010
[38;2;15;16;19m101011[38;2;16;16;20m1[38;2;18;18;21m0[38;2;28;24;28m1[38;2;38;30;34m1[38;2;38;32;36m1[38;2;83;67;70m0[38;2;101;82;85m0[38;2;96;83;86m0[38;2;86;75;78m1[38;2;73;67;70m0[38;2;61;59;63m0[38;2;54;55;59m0[38;2;53;54;58m0[38;2;52;53;57m0[38;2;52;52;56m00[38;2;52;53;57m0010111[38;2;52;54;58m1[38;2;52;53;57m0[38;2;50;51;55m0[38;2;45;46;50m1[38;2;35;36;39m1[38;2;22;23;26m0[38;2;17;18;21m1[38;2;30;31;34m1[38;2;93;94;96m0[38;2;172;172;173m1[38;2;220;220;221m0[38;2;187;188;189m0[38;2;149;150;152m1[38;2;147;148;150m1[38;2;109;110;112m0[38;2;16;17;20m0[38;2;15;16;19m00111100001010110010100100
[38;2;15;16;19m10100001[38;2;25;25;28m1[38;2;45;44;48m0[38;2;65;61;65m0[38;2;66;63;67m0[38;2;90;79;82m0[38;2;111;93;96m0[38;2;123;98;101m1[38;2;106;89;92m0[38;2;86;76;79m1[38;2;72;67;70m1[38;2;63;61;65m1[38;2;60;61;64m0[38;2;59;61;64m0[38;2;61;63;66m1[38;2;62;63;66m1[38;2;62;63;67m1[38;2;60;62;65m1[38;2;58;58;62m1[38;2;55;56;60m0[38;2;52;54;58m1[38;2;52;53;57m1101[38;2;53;54;58m0[38;2;72;73;77m1[38;2;121;121;124m1[38;2;178;178;180m0[38;2;231;231;232m1[38;2;226;226;227m1[38;2;179;180;181m1[38;2;146;146;148m0[38;2;136;136;139m1[38;2;102;102;104m0[38;2;41;42;45m0[38;2;15;16;19m1100100111000010100111010100
[38;2;15;16;19m100100[38;2;16;17;20m1[38;2;34;34;38m0[38;2;50;51;55m1[38;2;52;53;57m0[38;2;56;55;59m0[38;2;61;59;63m0[38;2;65;63;66m1[38;2;72;67;71m1[38;2;101;85;88m1[38;2;135;109;112m1[38;2;162;130;133m0[38;2;131;115;118m0[38;2;107;101;104m1[38;2;98;97;100m1[38;2;91;94;96m1[38;2;93;95;96m1[38;2;89;93;93m00[38;2;88;92;92m1[38;2;87;91;91m1[38;2;84;88;89m0[38;2;80;83;84m0[38;2;71;74;76m0[38;2;61;62;66m1[38;2;62;63;67m1[38;2;115;116;119m0[38;2;183;184;185m1[38;2;224;224;225m0[38;2;229;229;229m0[38;2;214;214;215m0[38;2;187;187;188m1[38;2;143;143;146m0[38;2;73;74;76m1[38;2;32;33;36m1[38;2;16;17;20m0[38;2;15;16;19m101111011011010000010100101001
[38;2;15;16;19m00000[38;2;16;17;20m0[38;2;39;40;44m1[38;2;52;53;56m1[38;2;52;53;57m00[38;2;52;52;56m0[38;2;52;54;58m0[38;2;58;58;62m0[38;2;65;65;69m1[38;2;94;89;93m1[38;2;115;107;111m1[38;2;144;125;128m0[38;2;190;157;159m1[38;2;189;155;157m0[38;2;153;134;137m0[38;2;124;113;117m1[38;2;102;99;102m0[38;2;91;93;95m01[38;2;89;93;93m0[38;2;90;93;94m01[38;2;99;103;103m1[38;2;135;137;138m0[38;2;190;192;192m0[38;2;239;239;239m1[38;2;245;243;244m0[38;2;217;213;214m0[38;2;163;163;165m0[38;2;115;116;119m1[38;2;69;70;73m1[38;2;55;56;60m1[38;2;52;53;57m1[38;2;46;46;50m1[38;2;19;20;23m0[38;2;15;16;19m0000001111011001110001110111101
[38;2;15;16;19m11001[38;2;30;31;34m1[38;2;52;53;57m010001[38;2;62;63;67m0[38;2;86;89;90m0[38;2;92;94;95m1[38;2;98;98;100m1[38;2;103;100;103m1[38;2;125;114;118m1[38;2;164;139;143m1[38;2;199;159;161m1[38;2;172;139;142m1[38;2;105;89;92m1[38;2;77;70;74m0[38;2;68;66;69m0[38;2;73;74;77m1[38;2;117;119;121m0[38;2;180;181;182m0[38;2;227;228;228m0[38;2;230;230;231m0[38;2;197;199;199m0[38;2;156;158;159m1[38;2;120;122;124m1[38;2;75;78;81m0[38;2;52;53;57m0010[38;2;52;52;56m0[38;2;52;53;57m0[38;2;39;40;44m1[38;2;15;17;20m0[38;2;15;16;19m101011011100001111011101011100
[38;2;15;16;19m11110[38;2;43;44;48m0[38;2;52;53;57m1001[38;2;52;52;56m1[38;2;52;53;57m1[38;2;83;86;88m1[38;2;89;93;93m1[38;2;90;93;94m00[38;2;93;95;97m1[38;2;95;95;98m1[38;2;81;76;80m0[38;2;90;78;81m1[38;2;138;100;103m1[38;2;172;118;121m0[38;2;127;91;94m1[38;2;150;127;129m1[38;2;190;182;184m0[38;2;176;174;175m0[38;2;144;142;145m0[38;2;114;116;118m0[38;2;100;103;103m0[38;2;90;94;94m1[38;2;90;93;94m11[38;2;88;92;92m0[38;2;57;58;62m0[38;2;52;53;57m11010[38;2;50;52;55m1[38;2;18;19;22m0[38;2;15;16;19m110010001100111001010000000111
[38;2;15;16;19m1100[38;2;16;17;20m0[38;2;45;47;51m0[38;2;52;53;57m11000[38;2;53;54;58m1[38;2;85;88;89m0[38;2;89;93;93m01[38;2;90;93;94m11[38;2;87;89;90m1[38;2;78;67;71m1[38;2;111;73;77m1[38;2;136;69;72m0[38;2;159;97;100m1[38;2;160;117;120m1[38;2;187;133;136m1[38;2;114;81;84m1[38;2;80;67;70m1[38;2;68;64;67m0[38;2;86;85;88m0[38;2;94;96;98m1[38;2;90;93;94m1[38;2;89;93;93m010[38;2;59;60;64m1[38;2;52;53;57m0100[38;2;52;52;56m0[38;2;51;52;56m0[38;2;19;20;23m1[38;2;15;16;19m001001010001101010001101110010
[38;2;15;16;19m00011[38;2;35;36;40m1[38;2;52;53;57m11[38;2;52;52;56m1[38;2;52;53;57m00[38;2;52;52;56m1[38;2;69;71;74m1[38;2;89;93;93m10[38;2;100;97;98m0[38;2;146;115;117m1[38;2;187;133;135m0[38;2;182;123;126m0[38;2;144;96;98m0[38;2;92;70;73m0[38;2;68;58;62m0[38;2;68;60;63m0[38;2;117;90;93m1[38;2;182;135;138m1[38;2;185;145;147m1[38;2;129;113;115m0[38;2;119;110;113m0[38;2;101;99;102m0[38;2;94;95;97m1[38;2;92;94;95m0[38;2;91;94;94m1[38;2;77;80;82m1[38;2;52;53;57m1[38;2;52;52;56m0[38;2;52;53;57m1[38;2;52;52;56m011[38;2;43;45;48m1[38;2;16;17;20m1[38;2;15;16;19m100001110111100110111010101100
[38;2;15;16;19m01111[38;2;17;18;22m0[38;2;44;46;50m1[38;2;52;52;56m1[38;2;52;53;57m0[38;2;52;54;58m1[38;2;52;53;57m0[38;2;58;55;59m0[38;2;81;63;67m0[38;2;137;93;96m0[38;2;180;125;128m1[38;2;186;131;133m1[38;2;140;114;115m0[38;2;99;97;97m0[38;2;90;93;93m0[38;2;89;93;93m1[38;2;89;92;93m1[38;2;89;90;92m0[38;2;92;91;94m0[38;2;100;98;100m0[38;2;116;109;112m0[38;2;150;131;135m0[38;2;195;161;163m0[38;2;189;154;157m0[38;2;150;132;134m0[38;2;116;108;112m1[38;2;96;94;97m0[38;2;75;77;80m0[38;2;54;55;59m1[38;2;52;53;57m00[38;2;52;52;56m01[38;2;52;53;57m1[38;2;49;50;54m0[38;2;22;24;27m1[38;2;15;16;19m0001011101110010101100100000111
[38;2;15;16;19m010001[38;2;19;21;24m0[38;2;41;42;46m1[38;2;56;54;58m0[38;2;91;67;71m1[38;2;141;85;89m1[38;2;160;91;95m0[38;2;145;86;89m1[38;2;101;70;74m1[38;2;67;60;63m0[38;2;66;68;70m1[38;2;77;80;82m0[38;2;85;89;90m1[38;2;89;93;93m11[38;2;90;93;94m1[38;2;89;93;93m0[38;2;91;94;94m0[38;2;94;96;98m0[38;2;98;98;101m1[38;2;106;102;106m0[38;2;119;110;114m1[38;2;161;137;139m0[38;2;178;146;148m1[38;2;153;124;127m1[38;2;105;88;91m1[38;2;72;66;70m0[38;2;65;62;66m0[38;2;55;56;60m0[38;2;52;53;57m01[38;2;52;54;58m0[38;2;47;47;51m0[38;2;24;25;28m0[38;2;15;16;19m01010011010000010010110001000000
[38;2;15;16;19m0010[38;2;16;16;19m0[38;2;25;19;22m0[38;2;61;33;37m0[38;2;111;52;56m1[38;2;138;71;74m1[38;2;125;75;78m0[38;2;81;63;66m0[38;2;59;56;60m1[38;2;52;53;57m0[38;2;52;54;58m0[38;2;52;53;57m0[38;2;52;52;56m0[38;2;52;53;57m0[38;2;54;55;59m0[38;2;58;60;64m1[38;2;64;66;69m0[38;2;68;70;73m1[38;2;70;72;75m1[38;2;71;73;76m0[38;2;71;73;75m1[38;2;70;72;75m1[38;2;74;71;75m1[38;2;69;68;72m0[38;2;73;68;72m1[38;2;84;75;78m1[38;2;123;99;103m0[38;2;135;105;108m1[38;2;104;86;90m1[38;2;89;78;81m1[38;2;67;64;67m0[38;2;58;58;61m1[38;2;50;51;55m1[38;2;35;36;40m0[38;2;18;19;22m1[38;2;15;16;19m001001010001011111100110111011111
[38;2;15;16;19m0[38;2;16;16;19m1[38;2;34;23;26m1[38;2;73;37;41m0[38;2;106;49;53m0[38;2;114;52;55m1[38;2;82;41;44m0[38;2;34;23;26m1[38;2;15;16;19m0[38;2;17;18;21m0[38;2;28;29;32m1[38;2;41;42;46m0[38;2;49;50;54m0[38;2;52;52;56m1[38;2;52;53;57m01100110[38;2;52;52;56m0[38;2;52;53;57m010[38;2;56;56;60m1[38;2;54;54;58m1[38;2;61;60;64m0[38;2;74;68;72m0[38;2;89;77;81m0[38;2;113;91;94m0[38;2;111;91;94m0[38;2;88;75;78m0[38;2;64;53;57m0[38;2;33;29;33m1[38;2;25;23;27m0[38;2;19;18;21m0[38;2;17;17;20m1[38;2;15;16;19m10101111100101100110100101110000
[38;2;87;42;45m0[38;2;114;52;56m0[38;2;98;47;50m1[38;2;62;33;36m1[38;2;30;21;25m0[38;2;16;16;19m1[38;2;15;16;19m01010[38;2;16;17;20m1[38;2;19;20;23m0[38;2;26;27;30m0[38;2;34;36;39m0[38;2;42;43;46m1[38;2;48;50;54m0[38;2;52;52;56m1[38;2;52;53;57m0[38;2;52;54;58m0[38;2;52;53;57m1011[38;2;52;54;58m1[38;2;52;53;57m010[38;2;51;52;56m0[38;2;47;48;51m1[38;2;47;45;49m1[38;2;47;42;46m0[38;2;62;48;52m1[38;2;61;45;49m1[38;2;66;50;55m1[38;2;54;41;46m0[38;2;40;33;36m0[38;2;36;27;31m1[38;2;21;20;23m1[38;2;17;18;21m1[38;2;15;16;19m1000111111001001001110011010110
[0m
