[38;2;17;19;22m10101101101011001111000101100001010010101100011110011011001011011110101
[38;2;17;19;22m11001011000001000110110001001000101010011011100111010010100110100000001
[38;2;17;19;22m10111010001011001001100010001011001101111000000100100000100100010010101
[38;2;17;19;22m01100000001111011000000111001000010110000010000010101001000111111101101
[38;2;17;19;22m00100110110011110000100001110011111101111110010000101010011001101100110
[38;2;17;19;22m00001101111001101010011001100110010011110001000001100001100011001010011
[38;2;17;19;22m101101110011001011111010000001110011010010111[38;2;41;43;46m1[38;2;99;100;103m1[38;2;52;53;56m0[38;2;17;19;22m11001101010111010111010
[38;2;25;24;28m0[38;2;17;19;22m101000011101101100100[38;2;18;20;23m0[38;2;24;26;29m10[38;2;18;20;23m1[38;2;17;19;22m001100010110110[38;2;23;25;28m1[38;2;49;51;53m0[38;2;113;115;117m0[38;2;174;175;177m1[38;2;175;175;176m1[38;2;97;99;101m1[38;2;22;24;27m0[38;2;17;19;22m11111011010011111111101
[38;2;26;24;29m0[38;2;28;26;30m1[38;2;22;22;26m0[38;2;21;21;24m0[38;2;17;19;22m0[38;2;18;20;24m0[38;2;22;24;27m1[38;2;26;28;31m0[38;2;30;31;35m0[38;2;33;34;38m0[38;2;36;37;41m1[38;2;39;40;44m0[38;2;40;41;45m1[38;2;40;42;45m0[38;2;40;42;46m0[38;2;40;41;45m1[38;2;39;40;44m0[38;2;36;38;41m0[38;2;34;35;39m1[38;2;31;32;35m1[38;2;28;29;33m1[38;2;38;40;43m1[38;2;39;41;45m1[38;2;25;27;30m0[38;2;17;19;22m01001011000010[38;2;21;23;26m0[38;2;60;62;65m1[38;2;124;125;127m1[38;2;181;181;183m1[38;2;178;179;180m0[38;2;116;117;119m0[38;2;65;67;70m1[38;2;81;83;85m0[38;2;52;54;57m1[38;2;17;19;22m011000011010110011101100
[38;2;56;44;48m1[38;2;48;38;42m1[38;2;44;40;44m1[38;2;45;44;48m0[38;2;47;48;52m1[38;2;51;51;55m1[38;2;53;53;57m1[38;2;55;55;58m0[38;2;56;56;59m1[38;2;55;56;59m100011011[38;2;56;57;60m1[38;2;73;74;78m0[38;2;90;91;95m1[38;2;67;69;72m0[38;2;52;53;56m1[38;2;46;48;51m0[38;2;40;41;44m1[38;2;31;32;35m0[38;2;21;24;27m1[38;2;18;20;23m1[38;2;17;19;22m1000111[38;2;22;24;27m1[38;2;56;58;61m1[38;2;130;132;133m1[38;2;198;198;199m1[38;2;185;186;187m1[38;2;120;122;123m0[38;2;73;74;77m1[38;2;102;104;106m1[38;2;142;143;144m0[38;2;129;130;133m0[38;2;81;83;86m0[38;2;32;34;37m1[38;2;17;19;22m111100000000010100100011
[38;2;99;80;83m0[38;2;108;90;93m0[38;2;101;85;88m1[38;2;72;67;71m1[38;2;68;66;70m1[38;2;59;59;63m0[38;2;60;60;63m0[38;2;56;56;59m0[38;2;55;56;59m1[38;2;56;56;59m1[38;2;55;56;59m10[38;2;56;56;59m1[38;2;55;56;59m010[38;2;58;58;61m0[38;2;90;92;94m1[38;2;104;106;109m1[38;2;82;83;86m1[38;2;55;56;60m1[38;2;56;56;59m1[38;2;56;56;60m0[38;2;55;56;59m0100[38;2;47;49;52m0[38;2;36;38;40m0[38;2;25;27;30m1[38;2;62;63;67m1[38;2;17;19;22m1[38;2;27;29;32m1[38;2;68;70;72m0[38;2;136;137;139m0[38;2;195;196;197m0[38;2;193;194;195m1[38;2;134;135;137m0[38;2;95;96;98m1[38;2;109;110;112m0[38;2;133;133;136m1[38;2;120;121;124m1[38;2;63;65;68m0[38;2;20;22;25m0[38;2;17;19;22m100100111010100100001010110
[38;2;81;73;76m0[38;2;88;78;81m0[38;2;119;97;100m0[38;2;104;89;92m0[38;2;101;88;91m1[38;2;71;68;71m0[38;2;71;67;71m1[38;2;60;59;64m0[38;2;56;56;60m0[38;2;55;56;59m10[38;2;56;56;59m011[38;2;55;56;60m0[38;2;56;56;59m1[38;2;57;58;61m1[38;2;92;93;95m1[38;2;63;64;67m0[38;2;55;56;59m11[38;2;56;56;59m0[38;2;56;56;60m1[38;2;55;56;59m0[38;2;56;56;59m0[38;2;55;56;59m1[38;2;56;56;59m10[38;2;55;56;59m1[38;2;108;110;112m0[38;2;134;136;138m1[38;2;140;140;142m0[38;2;203;203;204m0[38;2;196;197;198m0[38;2;134;135;137m1[38;2;126;127;129m0[38;2;132;133;135m1[38;2;124;125;127m1[38;2;90;92;94m0[38;2;48;50;53m1[38;2;21;23;26m1[38;2;17;19;22m110101001010110111100100000101
[38;2;74;69;73m0[38;2;68;65;69m0[38;2;76;70;74m1[38;2;96;82;85m1[38;2;115;96;98m1[38;2;113;95;98m1[38;2;99;86;89m1[38;2;83;78;83m0[38;2;83;81;85m1[38;2;83;83;87m1[38;2;85;86;90m1[38;2;86;88;91m0[38;2;87;90;93m1[38;2;88;91;94m1[38;2;87;90;94m0[38;2;88;90;94m0[38;2;86;89;92m0[38;2;84;86;90m1[38;2;80;82;85m0[38;2;74;76;80m1[38;2;67;68;71m1[38;2;60;61;64m1[38;2;56;57;60m1[38;2;56;56;59m0[38;2;55;56;59m1[38;2;56;56;59m0[38;2;65;66;69m0[38;2;98;98;101m0[38;2;172;172;174m0[38;2;226;227;227m0[38;2;210;210;211m1[38;2;179;180;182m1[38;2;161;162;164m0[38;2;147;148;149m1[38;2;130;132;134m0[38;2;76;78;80m1[38;2;36;38;41m1[38;2;29;31;34m0[38;2;18;20;23m1[38;2;17;19;22m10010000001111110100000010100001
[38;2;56;57;60m0[38;2;62;60;63m1[38;2;65;64;67m0[38;2;68;67;71m0[38;2;101;90;93m1[38;2;136;117;120m1[38;2;170;142;144m0[38;2;159;137;140m1[38;2;119;107;111m1[38;2;94;88;92m1[38;2;75;75;79m0[38;2;65;66;70m1[38;2;62;63;66m1[38;2;60;61;64m10[38;2;61;61;65m1[38;2;63;64;67m1[38;2;65;67;70m1[38;2;71;72;76m1[38;2;78;80;83m0[38;2;86;89;92m1[38;2;90;93;97m1[38;2;83;86;89m1[38;2;76;77;80m0[38;2;101;101;103m1[38;2;154;154;156m1[38;2;206;206;207m1[38;2;220;220;221m1[38;2;219;220;221m1[38;2;187;187;189m0[38;2;144;144;146m1[38;2;123;123;126m0[38;2;103;104;106m0[38;2;76;77;80m1[38;2;55;57;61m0[38;2;42;44;47m0[38;2;45;46;50m1[38;2;49;51;54m0[38;2;22;24;27m0[38;2;17;19;22m01010100000000001010100111010110
[38;2;55;56;59m0[38;2;56;56;59m0[38;2;69;69;73m0[38;2;94;94;97m0[38;2;102;101;105m0[38;2;101;96;100m0[38;2;108;93;96m1[38;2;130;105;108m0[38;2;148;115;117m1[38;2;127;102;105m1[38;2;87;79;82m0[38;2;69;65;69m1[38;2;63;62;65m0[38;2;53;54;58m0[38;2;52;52;56m1[38;2;53;53;57m1[38;2;54;55;58m1[38;2;55;55;59m0[38;2;55;56;59m0[38;2;56;56;60m0[38;2;62;62;65m1[38;2;94;96;99m0[38;2;172;171;173m0[38;2;223;220;222m0[38;2;223;223;224m1[38;2;211;212;213m0[38;2;171;172;174m1[38;2;137;137;139m1[38;2;94;94;97m0[38;2;68;68;71m1[38;2;57;57;60m1[38;2;56;56;60m0[38;2;56;56;59m1[38;2;55;56;59m0[38;2;54;55;59m1[38;2;32;34;37m0[38;2;17;19;22m10101000101101101101001001110101101
[38;2;55;56;59m1[38;2;73;75;78m0[38;2;92;95;99m1[38;2;89;92;95m1[38;2;67;68;72m1[38;2;59;59;63m1[38;2;66;63;67m0[38;2;81;73;77m1[38;2;100;85;89m1[38;2;137;103;106m1[38;2;145;106;109m0[38;2;100;76;79m0[38;2;51;41;45m0[38;2;29;27;31m1[38;2;24;24;28m1[38;2;21;22;26m1[38;2;21;23;26m1[38;2;31;32;36m0[38;2;75;76;79m1[38;2;145;145;147m1[38;2;210;210;210m0[38;2;241;237;238m1[38;2;213;206;207m0[38;2;167;160;162m0[38;2;133;134;137m1[38;2;106;109;112m0[38;2;82;84;87m1[38;2;58;58;61m1[38;2;56;56;60m1[38;2;55;56;59m1[38;2;56;56;59m1[38;2;55;56;59m1[38;2;56;56;59m1[38;2;55;56;59m11[38;2;53;54;57m1[38;2;24;25;29m1[38;2;17;19;22m0111011001000100010111111101000011
[38;2;65;65;69m1[38;2;92;96;99m1[38;2;92;95;98m0[38;2;66;67;70m1[38;2;55;56;59m1[38;2;56;56;60m1[38;2;60;59;63m0[38;2;54;54;57m0[38;2;38;35;40m1[38;2;49;39;44m0[38;2;84;63;67m0[38;2;149;106;108m1[38;2;146;102;105m0[38;2;81;58;62m1[38;2;41;34;39m1[38;2;54;47;50m1[38;2;106;105;108m0[38;2;186;184;185m1[38;2;203;203;204m1[38;2;161;161;163m0[38;2;116;116;119m0[38;2;86;87;90m1[38;2;62;63;67m1[38;2;55;56;59m0[38;2;59;60;64m0[38;2;88;90;94m1[38;2;93;97;100m0[38;2;75;76;80m0[38;2;56;56;60m0[38;2;55;56;59m0[38;2;56;56;59m00[38;2;56;56;60m1[38;2;55;56;60m01[38;2;56;56;59m1[38;2;38;39;43m1[38;2;17;19;22m1110011101010110100000111101110100
[38;2;76;78;81m0[38;2;93;97;100m1[38;2;87;89;92m0[38;2;56;57;60m0[38;2;55;56;59m111[38;2;31;32;36m1[38;2;20;21;25m0[38;2;26;27;30m1[38;2;34;29;34m0[38;2;57;42;46m0[38;2;130;84;87m1[38;2;192;132;135m1[38;2;181;135;137m1[38;2;187;161;163m0[38;2;116;107;109m0[38;2;50;50;53m0[38;2;31;28;32m1[38;2;19;21;24m1[38;2;20;22;26m1[38;2;54;55;59m0[38;2;56;56;59m001[38;2;77;79;83m1[38;2;93;97;100m1[38;2;86;89;93m0[38;2;56;57;60m1[38;2;56;56;59m0[38;2;55;56;59m1[38;2;56;56;59m1[38;2;55;56;59m01[38;2;56;56;59m00[38;2;46;47;50m1[38;2;17;19;22m1111100101100001101010100100100000
[38;2;72;74;77m1[38;2;93;97;100m0[38;2;89;93;96m1[38;2;59;60;63m1[38;2;56;56;59m0[38;2;55;56;59m1[38;2;56;56;59m0[38;2;39;40;44m0[38;2;21;21;24m1[38;2;55;33;36m1[38;2;105;51;55m0[38;2;127;60;64m0[38;2;120;61;65m1[38;2;90;66;70m0[38;2;128;88;91m0[38;2;166;113;115m1[38;2;126;87;90m0[38;2;60;48;51m0[38;2;33;29;34m0[38;2;30;28;32m0[38;2;31;32;35m1[38;2;57;57;60m1[38;2;56;56;59m1[38;2;55;56;59m1[38;2;56;57;60m1[38;2;82;84;87m0[38;2;93;96;99m1[38;2;81;85;88m0[38;2;56;56;60m1[38;2;56;56;59m1110[38;2;55;56;59m1[38;2;55;56;60m1[38;2;55;56;59m0[38;2;43;44;47m1[38;2;17;19;22m0000001011111101000000001010000100
[38;2;58;59;62m0[38;2;86;88;91m1[38;2;93;97;100m0[38;2;79;82;85m0[38;2;58;58;61m1[38;2;65;59;63m1[38;2;99;71;75m0[38;2;147;87;90m0[38;2;150;81;85m1[38;2;100;53;57m0[38;2;48;31;34m1[38;2;24;22;25m1[38;2;25;24;27m0[38;2;29;26;30m0[38;2;40;33;37m1[38;2;77;57;61m0[38;2;116;85;88m1[38;2;135;95;98m1[38;2;92;69;72m1[38;2;71;61;65m1[38;2;68;65;68m1[38;2;60;59;62m0[38;2;58;58;62m1[38;2;56;57;60m0[38;2;71;72;76m0[38;2;92;96;99m0[38;2;90;94;97m1[38;2;63;64;68m1[38;2;55;56;59m11[38;2;56;56;59m010[38;2;55;56;59m100[38;2;30;32;35m0[38;2;17;19;22m1001001101011100011010110001001011
[38;2;55;56;59m1[38;2;60;61;64m1[38;2;100;90;93m1[38;2;141;115;118m1[38;2;161;116;119m1[38;2;160;101;104m0[38;2;121;79;82m0[38;2;74;62;65m1[38;2;56;56;59m0[38;2;55;56;59m1[38;2;49;50;53m0[38;2;42;43;47m0[38;2;37;39;42m1[38;2;36;37;40m1[38;2;40;40;45m0[38;2;51;49;53m0[38;2;62;57;61m1[38;2;97;81;84m0[38;2;149;118;121m0[38;2;155;122;125m1[38;2;123;102;105m1[38;2;84;75;78m0[38;2;78;74;77m0[38;2;84;83;87m0[38;2;94;96;99m0[38;2;86;89;93m0[38;2;64;66;69m0[38;2;55;56;59m0011011[38;2;56;56;59m0[38;2;44;45;48m1[38;2;18;20;23m1[38;2;17;19;22m0010011101011001110100001110111001
[38;2;127;80;84m0[38;2;157;90;94m0[38;2;140;86;90m0[38;2;108;84;87m1[38;2;96;91;94m1[38;2;92;96;99m1[38;2;85;88;91m0[38;2;74;76;79m1[38;2;64;65;68m0[38;2;56;57;61m1[38;2;55;56;59m0[38;2;56;56;59m0[38;2;55;56;59m1[38;2;56;56;59m0[38;2;56;56;60m0[38;2;59;59;63m1[38;2;63;62;66m1[38;2;70;67;71m0[38;2;83;75;78m1[38;2;124;102;105m0[38;2;157;128;130m0[38;2;168;138;141m0[38;2;131;119;122m1[38;2;116;107;111m0[38;2;86;83;86m1[38;2;61;62;65m0[38;2;55;56;59m0[38;2;56;56;59m1[38;2;55;56;59m100011[38;2;46;47;50m1[38;2;21;23;26m0[38;2;17;19;22m11111000001010011111011001111011111
[0m
