[38;2;20;23;28m01000000011011101000011010100101111110111011101000000101011101101001000
[38;2;20;23;28m10010101000111111001011110000100000100101100101011110100011110110011110
[38;2;20;23;28m11000011001111011010010111110011000110010001011110000111101001101011101
[38;2;20;23;28m01001010101110100011010111101010101110101001010100100011100101101111011
[38;2;20;23;28m00011000111100011111100011110101110111000110000001000000100000010001010
[38;2;20;23;28m1010000101111110000000000100001110100011110011[38;2;22;25;30m0[38;2;27;30;35m1[38;2;36;39;44m0[38;2;20;23;28m1000100001100110010111
[38;2;20;23;28m10111100100110011001000101011101010001001011[38;2;30;33;37m0[38;2;92;95;98m1[38;2;170;171;173m1[38;2;162;164;166m0[38;2;111;113;117m1[38;2;22;25;30m1[38;2;20;23;28m010011101010110101110
[38;2;20;23;28m10111111010111110111111001011001110001011[38;2;31;35;39m1[38;2;71;73;77m0[38;2;139;140;142m1[38;2;170;171;173m1[38;2;122;124;127m0[38;2;57;60;64m0[38;2;27;29;34m1[38;2;20;23;28m11100101111001100011011
[38;2;20;23;28m11001100011001011100111010001110101111[38;2;31;34;39m1[38;2;78;81;84m1[38;2;128;130;133m0[38;2;139;140;142m0[38;2;107;109;112m1[38;2;50;53;57m0[38;2;35;38;42m1[38;2;81;83;86m1[38;2;122;124;127m1[38;2;53;56;61m0[38;2;20;23;28m01000110100111110100011
[38;2;30;34;39m1[38;2;33;36;41m1[38;2;34;38;43m1[38;2;35;39;44m1[38;2;36;39;44m1[38;2;35;39;44m0[38;2;35;38;43m1[38;2;33;36;41m0[38;2;31;34;40m1[38;2;29;32;37m1[38;2;26;29;34m0[38;2;23;26;31m0[38;2;21;24;29m11[38;2;20;23;28m11111010110011111001[38;2;21;24;29m1[38;2;30;33;38m1[38;2;82;85;88m0[38;2;149;149;152m0[38;2;159;160;162m1[38;2;104;106;109m1[38;2;50;52;57m1[38;2;38;41;45m1[38;2;88;90;94m0[38;2;140;141;144m0[38;2;134;136;139m1[38;2;89;91;95m0[38;2;44;46;51m1[38;2;23;26;31m0[38;2;20;23;28m00000011101001011101101
[38;2;57;60;66m11[38;2;56;60;65m001100[38;2;57;60;65m1[38;2;57;60;66m01[38;2;56;60;65m1[38;2;54;57;62m1[38;2;48;52;57m0[38;2;43;47;52m0[38;2;37;41;46m0[38;2;31;34;39m0[38;2;25;28;33m1[38;2;21;24;29m1[38;2;20;23;28m000001101100[38;2;21;24;29m1[38;2;43;46;50m0[38;2;95;97;101m0[38;2;153;154;156m0[38;2;172;173;175m0[38;2;121;123;126m0[38;2;53;55;60m0[38;2;55;58;62m0[38;2;98;100;103m0[38;2;130;132;134m0[38;2;128;130;133m0[38;2;76;79;82m0[38;2;26;29;34m0[38;2;20;23;28m001110001001110001100011010
[38;2;56;60;65m0000[38;2;57;60;66m100[38;2;56;60;65m0[38;2;57;60;65m1[38;2;57;60;66m01[38;2;57;61;66m10[38;2;56;60;65m0[38;2;57;60;65m0[38;2;56;60;65m1[38;2;57;60;66m1[38;2;54;58;63m1[38;2;49;53;58m1[38;2;41;44;50m0[38;2;73;76;80m1[38;2;34;37;42m0[38;2;20;23;28m0011000[38;2;38;41;46m0[38;2;103;105;108m0[38;2;172;173;175m1[38;2;177;177;179m0[38;2;123;125;128m0[38;2;63;65;70m1[38;2;70;72;76m0[38;2;119;120;123m1[38;2;128;130;133m1[38;2;103;104;107m0[38;2;60;62;67m1[38;2;28;31;36m1[38;2;20;23;28m111110101111110011010010101101
[38;2;56;60;65m10[38;2;57;60;65m0[38;2;56;60;65m1001[38;2;57;60;66m01[38;2;61;65;69m1[38;2;69;71;76m0[38;2;62;66;70m1[38;2;56;60;65m1100110[38;2;57;60;65m1[38;2;69;72;77m1[38;2;133;135;138m0[38;2;42;46;51m0[38;2;29;32;37m1[38;2;21;24;29m0[38;2;25;28;32m1[38;2;48;51;55m1[38;2;108;109;112m1[38;2;172;173;175m1[38;2;192;192;193m0[38;2;132;133;136m1[38;2;73;76;80m1[38;2;80;83;86m1[38;2;120;122;125m1[38;2;128;130;133m0[38;2;88;90;94m1[38;2;36;39;43m0[38;2;22;25;30m1[38;2;20;23;28m111101011001100011000101111100001
[38;2;43;46;52m0[38;2;41;44;49m001[38;2;40;44;48m1[38;2;40;43;49m1[38;2;41;44;49m1[38;2;48;51;56m1[38;2;66;69;73m0[38;2;62;65;69m1[38;2;51;54;59m1[38;2;53;56;61m0[38;2;56;60;65m110[38;2;57;60;65m11[38;2;56;60;65m00[38;2;57;60;65m0[38;2;74;77;82m0[38;2;124;127;131m0[38;2;58;61;67m0[38;2;85;88;92m1[38;2;126;128;131m1[38;2;178;179;180m1[38;2;208;209;210m0[38;2;166;167;169m1[38;2;99;101;105m0[38;2;102;103;107m0[38;2;117;118;121m0[38;2;107;109;113m1[38;2;72;74;78m0[38;2;30;33;38m1[38;2;20;23;28m1001110000101000101000111101011000001
[38;2;51;54;60m0[38;2;53;56;61m1[38;2;53;57;62m1[38;2;55;58;63m0[38;2;54;58;63m1[38;2;60;64;69m1[38;2;90;93;97m0[38;2;83;86;90m0[38;2;57;61;66m1[38;2;49;52;57m0[38;2;44;48;53m0[38;2;39;43;48m1[38;2;36;39;45m1[38;2;37;40;45m0[38;2;44;48;53m0[38;2;54;57;62m0[38;2;56;60;65m110[38;2;74;77;82m0[38;2;142;145;147m0[38;2;141;144;146m0[38;2;188;189;191m0[38;2;212;213;214m1[38;2;187;188;190m1[38;2;163;165;167m1[38;2;154;155;158m0[38;2;133;135;137m1[38;2;89;91;95m0[38;2;47;50;54m0[38;2;27;29;34m1[38;2;20;23;28m1000011101111101100111100010111101011011
[38;2;63;63;69m1[38;2;58;61;66m0[38;2;56;60;65m1[38;2;61;65;69m1[38;2;114;117;120m1[38;2;106;108;112m1[38;2;64;68;73m1[38;2;56;60;65m100001[38;2;54;58;63m1[38;2;46;49;55m1[38;2;36;39;44m0[38;2;39;42;47m1[38;2;81;85;89m0[38;2;135;137;140m0[38;2;201;202;203m1[38;2;197;198;200m0[38;2;172;174;176m1[38;2;162;164;166m0[38;2;155;156;159m1[38;2;150;152;155m1[38;2;122;124;128m0[38;2;82;84;89m1[38;2;71;74;79m0[38;2;48;51;56m1[38;2;27;30;35m0[38;2;21;24;29m1[38;2;20;23;28m1111001111010111010110111100011000111001
[38;2;59;56;60m0[38;2;44;44;49m1[38;2;33;36;41m01[38;2;46;48;53m0[38;2;31;34;39m1[38;2;32;35;40m0[38;2;35;38;43m0[38;2;40;43;49m0[38;2;46;50;55m0[38;2;54;58;63m1[38;2;56;60;65m111[38;2;77;80;85m0[38;2;129;131;134m1[38;2;179;180;182m0[38;2;193;194;196m1[38;2;189;190;192m0[38;2;188;189;191m0[38;2;152;153;155m1[38;2;113;115;120m0[38;2;91;94;98m1[38;2;75;78;83m0[38;2;71;74;79m0[38;2;71;75;80m1[38;2;71;75;79m0[38;2;70;74;78m1[38;2;75;78;83m0[38;2;67;69;74m0[38;2;59;61;65m0[38;2;62;64;69m1[38;2;65;67;71m1[38;2;39;41;46m0[38;2;20;23;28m0100001000110010110101111011000111111
[38;2;80;58;62m0[38;2;49;43;47m1[38;2;34;33;37m0[38;2;32;30;35m0[38;2;21;23;28m0[38;2;21;24;28m0[38;2;20;23;28m0111[38;2;24;27;32m0[38;2;58;59;64m1[38;2;128;125;129m0[38;2;194;184;186m0[38;2;213;209;210m0[38;2;186;187;188m0[38;2;156;157;160m1[38;2;132;134;137m1[38;2;92;95;99m0[38;2;34;37;42m1[38;2;41;45;50m0[38;2;56;60;65m1110[38;2;57;60;65m1[38;2;56;60;65m111[38;2;56;59;64m0[38;2;33;36;41m1[38;2;21;24;29m1[38;2;22;25;30m0[38;2;55;57;61m1[38;2;37;40;45m0[38;2;20;23;28m101000101100110110011101100101111101
[38;2;129;89;92m1[38;2;134;97;100m1[38;2;79;61;64m1[38;2;40;35;40m1[38;2;32;30;35m0[38;2;25;26;31m0[38;2;24;26;31m0[38;2;21;24;29m1[38;2;36;39;43m0[38;2;98;96;100m1[38;2;173;164;166m0[38;2;222;206;207m0[38;2;195;180;182m1[38;2;146;138;140m1[38;2;108;106;111m0[38;2;80;83;87m1[38;2;58;62;67m0[38;2;57;60;66m0[38;2;56;60;65m0[38;2;52;55;61m1[38;2;27;30;35m1[38;2;43;46;52m0[38;2;56;60;65m1[38;2;57;60;65m1[38;2;56;60;65m0[38;2;57;60;65m0[38;2;56;60;65m1010[38;2;51;54;59m0[38;2;22;25;30m0[38;2;20;23;28m010100010111110000010001000000100011110
[38;2;58;49;52m0[38;2;102;75;79m1[38;2;161;114;116m1[38;2;133;94;97m0[38;2;70;53;58m0[38;2;54;47;51m1[38;2;87;84;87m0[38;2;153;150;152m0[38;2;194;190;192m1[38;2;160;157;160m0[38;2;103;102;106m1[38;2;49;50;55m1[38;2;28;31;36m0[38;2;21;24;29m1[38;2;27;30;35m0[38;2;54;58;63m0[38;2;56;60;65m0101[38;2;44;47;53m1[38;2;24;27;32m0[38;2;56;59;65m0[38;2;57;60;66m0[38;2;56;60;65m100010[38;2;56;60;64m1[38;2;30;33;38m0[38;2;20;23;28m000100000000001100100111110011110001101
[38;2;33;32;37m1[38;2;40;35;39m0[38;2;88;60;63m1[38;2;163;103;106m0[38;2;183;129;132m1[38;2;193;151;154m1[38;2;136;120;123m0[38;2;68;63;67m1[38;2;31;31;36m1[38;2;28;28;33m0[38;2;21;24;29m1[38;2;20;23;28m1100[38;2;48;51;57m0[38;2;57;60;65m1[38;2;56;60;65m0[38;2;57;60;66m1[38;2;57;60;65m1[38;2;52;56;61m1[38;2;20;23;28m1[38;2;53;56;61m1[38;2;57;60;66m1[38;2;56;60;65m0110[38;2;57;60;66m1[38;2;56;60;65m00[38;2;35;38;43m0[38;2;20;23;28m101110001000010101100110001100111100101
[38;2;91;47;51m1[38;2;121;57;62m0[38;2;111;58;62m1[38;2;85;53;57m0[38;2;79;62;65m0[38;2;145;101;104m0[38;2;168;114;117m1[38;2;103;76;79m0[38;2;48;41;45m0[38;2;34;32;37m1[38;2;31;30;35m0[38;2;22;25;29m0[38;2;20;23;28m00[38;2;23;26;31m1[38;2;53;56;62m1[38;2;57;60;66m0[38;2;56;60;65m1[38;2;57;60;66m10[38;2;48;51;56m1[38;2;22;25;30m1[38;2;55;58;63m0[38;2;56;60;65m0000[38;2;57;60;65m0[38;2;56;60;65m1[38;2;57;60;66m1[38;2;56;60;65m1[38;2;32;35;40m1[38;2;20;23;28m101111110000101001110001111001110011101
[0m
