[38;2;23;26;33m01110000011100010[38;2;23;25;32m1[38;2;23;26;33m1000000010100011110100000100[38;2;23;25;32m1[38;2;23;26;33m1111111011100011101010[38;2;23;25;32m0[38;2;23;26;33m0
[38;2;23;26;33m11010001010010001010000000111000000011101000111110101100101000001001001
[38;2;23;26;33m00010111000101011000011000110011011010000001100100100000101000010111100
[38;2;23;26;33m10000101010011100111100101100001110100111111011111110110011001000100001
[38;2;23;26;33m100110001111011101011011001011001101110111001010100011000000010[38;2;23;25;32m0[38;2;23;26;33m1100101
[38;2;23;26;33m11011110000101001100000101001001010001100010[38;2;24;27;34m0[38;2;38;41;47m1[38;2;29;32;39m1[38;2;23;26;33m100010011100000101011100
[38;2;23;26;33m101011001010001100111000010111001000001011[38;2;25;28;35m0[38;2;72;74;79m0[38;2;143;144;147m0[38;2;164;165;167m1[38;2;133;133;137m0[38;2;140;142;145m0[38;2;59;62;67m0[38;2;23;26;33m01001111010101[38;2;23;25;32m1[38;2;23;26;33m0010100
[38;2;23;26;33m011000010010111101111111100110110100011[38;2;26;29;36m0[38;2;52;54;60m1[38;2;120;121;125m1[38;2;188;189;192m1[38;2;204;205;206m1[38;2;167;168;170m0[38;2;127;128;132m1[38;2;68;70;75m1[38;2;32;35;41m0[38;2;24;27;34m1[38;2;23;26;33m0000010010001010111001
[38;2;23;26;33m1001001001[38;2;23;25;32m0[38;2;23;26;33m0111100101001110100011[38;2;23;25;32m1[38;2;23;26;33m001[38;2;38;40;47m0[38;2;98;100;104m1[38;2;177;177;179m0[38;2;210;210;212m1[38;2;169;170;173m1[38;2;107;109;114m1[38;2;55;58;63m0[38;2;49;52;58m0[38;2;64;67;72m1[38;2;24;27;34m1[38;2;23;26;33m010000111001101110001001
[38;2;23;26;33m1011101110010101001101011111011000[38;2;28;31;38m1[38;2;71;74;79m1[38;2;150;151;155m1[38;2;193;193;195m1[38;2;150;151;155m1[38;2;85;87;92m1[38;2;44;47;53m01[38;2;103;105;109m0[38;2;150;151;154m1[38;2;131;132;136m0[38;2;69;71;77m0[38;2;24;26;33m1[38;2;23;26;33m010101101110100001100111
[38;2;23;26;33m11000111100000101[38;2;23;25;32m1[38;2;23;26;33m1001111110001[38;2;29;31;38m0[38;2;63;65;71m0[38;2;119;121;125m0[38;2;157;158;161m1[38;2;132;133;136m0[38;2;68;69;75m1[38;2;30;33;40m1[38;2;58;61;66m0[38;2;104;106;111m1[38;2;137;138;141m0[38;2;129;130;134m1[38;2;71;73;79m0[38;2;26;28;35m1[38;2;23;26;33m111001001111110001010110001
[38;2;38;41;47m0[38;2;35;38;44m1[38;2;31;34;40m0[38;2;27;29;36m1[38;2;23;26;33m0110[38;2;23;25;32m0[38;2;23;26;33m0000110101000001011[38;2;24;27;34m1[38;2;59;61;67m0[38;2;119;120;124m1[38;2;132;133;137m0[38;2;103;105;110m0[38;2;58;61;66m1[38;2;30;33;39m1[38;2;61;64;70m1[38;2;119;120;124m1[38;2;133;134;138m1[38;2;106;108;112m0[38;2;63;65;71m1[38;2;30;33;40m0[38;2;23;26;33m110100011101100001000000000100
[38;2;60;65;69m00[38;2;59;64;68m01[38;2;57;62;66m0[38;2;52;56;61m1[38;2;46;49;55m0[38;2;39;42;48m1[38;2;34;37;43m1[38;2;26;29;36m0[38;2;24;27;34m1[38;2;23;26;33m00110000010111[38;2;34;37;43m1[38;2;68;70;76m1[38;2;124;125;129m0[38;2;151;152;155m0[38;2;112;114;118m0[38;2;47;49;56m1[38;2;39;42;49m1[38;2;70;72;77m0[38;2;116;118;121m1[38;2;132;133;136m0[38;2;97;99;103m1[38;2;42;44;51m1[38;2;26;29;36m1[38;2;23;26;33m0010110110010110111101000110011[38;2;23;25;32m0[38;2;23;26;33m1
[38;2;60;65;69m01110111[38;2;102;105;108m1[38;2;98;101;104m1[38;2;51;55;60m1[38;2;40;44;50m1[38;2;31;33;40m1[38;2;24;27;34m0[38;2;23;26;33m10100000[38;2;33;36;42m1[38;2;81;83;89m0[38;2;140;141;145m0[38;2;155;156;159m1[38;2;122;124;128m0[38;2;61;63;69m0[38;2;44;47;53m0[38;2;88;90;95m1[38;2;115;117;121m1[38;2;114;115;120m0[38;2;83;85;90m1[38;2;39;41;47m1[38;2;23;26;33m1011011101011101010000010111100001000
[38;2;50;54;59m1[38;2;55;59;64m0[38;2;58;63;67m0[38;2;59;64;68m1[38;2;60;65;69m0101[38;2;61;66;70m1[38;2;87;90;94m1[38;2;126;128;131m0[38;2;62;67;71m1[38;2;59;63;68m0[38;2;53;58;62m1[38;2;41;45;51m0[38;2;28;31;38m0[38;2;23;26;33m00[38;2;24;27;34m0[38;2;34;37;43m0[38;2;82;84;89m1[38;2;149;150;153m1[38;2;177;178;179m1[38;2;126;128;131m1[38;2;66;68;74m0[38;2;54;56;62m1[38;2;98;100;105m0[38;2;121;123;127m0[38;2;104;106;110m1[38;2;59;62;68m0[38;2;33;36;43m1[38;2;23;26;33m010010000010101011000011111011011010111[38;2;23;25;32m1
[38;2;23;26;33m10[38;2;25;28;35m0[38;2;30;33;40m1[38;2;36;40;46m1[38;2;45;48;54m1[38;2;52;57;61m1[38;2;58;63;67m0[38;2;60;65;69m00[38;2;80;85;88m0[38;2;117;120;123m1[38;2;60;65;69m110[38;2;60;65;68m0[38;2;65;68;73m0[38;2;92;94;99m1[38;2;147;149;151m1[38;2;175;176;178m0[38;2;145;146;149m0[38;2;77;79;83m1[38;2;69;71;77m0[38;2;99;101;105m0[38;2;111;113;118m1[38;2;95;97;102m0[38;2;45;47;53m0[38;2;23;26;33m100100001[38;2;23;25;32m0[38;2;23;26;33m1111100001110001010110111011110101
[38;2;37;40;46m0[38;2;31;34;40m0[38;2;25;28;35m1[38;2;23;26;33m101[38;2;24;27;34m1[38;2;29;32;38m0[38;2;38;41;47m0[38;2;50;55;59m1[38;2;74;78;82m1[38;2;118;121;124m1[38;2;60;65;69m0[38;2;70;75;79m1[38;2;119;122;125m1[38;2;169;170;173m1[38;2;198;199;200m1[38;2;187;188;190m1[38;2;142;143;146m0[38;2;144;146;149m0[38;2;137;139;142m1[38;2;101;103;108m1[38;2;70;72;77m1[38;2;39;42;48m1[38;2;24;27;34m0[38;2;23;26;33m0111100001111110011110101111000001011001110110
[38;2;60;65;69m11[38;2;59;64;68m0[38;2;53;57;62m0[38;2;44;47;53m1[38;2;33;36;42m0[38;2;26;29;35m1[38;2;23;26;33m11[38;2;40;43;49m0[38;2;112;114;118m1[38;2;110;113;116m0[38;2;165;167;169m1[38;2;199;200;202m1[38;2;182;184;185m0[38;2;155;157;159m1[38;2;145;147;149m1[38;2;135;138;140m0[38;2;126;129;132m1[38;2;79;83;87m0[38;2;41;45;51m0[38;2;24;27;34m0[38;2;23;26;33m1001011100110101000001000010111100001011001011101
[38;2;47;51;56m1[38;2;54;58;63m1[38;2;59;64;68m1[38;2;60;65;69m01[38;2;60;64;69m0[38;2;55;59;64m0[38;2;60;63;68m0[38;2;93;95;100m1[38;2;168;168;171m1[38;2;157;159;161m1[38;2;139;140;143m0[38;2;137;138;142m0[38;2;137;138;141m1[38;2;134;137;139m0[38;2;118;120;124m1[38;2;86;89;93m1[38;2;65;70;74m0[38;2;62;67;71m1[38;2;60;65;69m0[38;2;60;64;69m0[38;2;46;49;55m0[38;2;24;28;34m0[38;2;23;26;33m100010100100111010000100100001000111001011111011
[38;2;23;26;33m1[38;2;25;28;35m1[38;2;29;32;39m1[38;2;42;45;51m0[38;2;67;72;76m1[38;2;114;117;121m0[38;2;156;157;159m0[38;2;199;200;201m1[38;2;179;180;181m0[38;2;159;160;162m1[38;2;123;125;128m0[38;2;89;92;96m1[38;2;64;66;72m0[38;2;51;53;60m0[38;2;55;58;63m1[38;2;74;78;82m1[38;2;78;82;86m0[38;2;81;85;88m1[38;2;87;91;94m0[38;2;89;93;96m0[38;2;91;95;98m0[38;2;93;96;100m1[38;2;71;75;80m1[38;2;31;34;41m0[38;2;24;27;34m0[38;2;23;26;33m110010101001111000100[38;2;23;25;32m1[38;2;23;26;33m100111011100110001000010
[38;2;23;26;33m0[38;2;40;42;49m0[38;2;86;83;88m0[38;2;142;132;136m1[38;2;165;161;163m0[38;2;153;154;157m0[38;2;145;147;149m1[38;2;119;122;125m1[38;2;104;107;111m1[38;2;70;75;79m0[38;2;52;57;61m1[38;2;28;31;38m1[38;2;23;26;33m001[38;2;35;38;45m0[38;2;59;64;68m1[38;2;60;65;69m10011[38;2;71;76;80m0[38;2;75;78;83m1[38;2;72;74;79m1[38;2;56;58;64m0[38;2;25;28;35m1[38;2;23;26;33m110110001001010110101[38;2;23;25;32m0[38;2;23;26;33m0100101010101011100100
[38;2;150;135;138m1[38;2;197;173;176m0[38;2;190;170;173m0[38;2;137;124;128m0[38;2;83;82;87m1[38;2;48;50;57m1[38;2;34;37;43m1[38;2;54;58;62m1[38;2;60;65;69m000[38;2;53;57;62m0[38;2;25;27;34m1[38;2;23;26;33m000[38;2;44;48;54m0[38;2;60;65;69m110101[38;2;56;60;65m0[38;2;29;31;38m1[38;2;52;55;60m0[38;2;97;99;104m0[38;2;40;42;49m0[38;2;23;26;33m00011100010100111111[38;2;23;25;32m1[38;2;23;26;33m0110100110101000110000
[0m
