[38;2;24;27;34m10010100010011100000100100111110110011101101011010010000011001011000101
[38;2;24;27;34m01000011110110100111100110100111110101010100111000000110111101101000111
[38;2;24;27;34m00000101101011011000010001010110100100000100010010110100001010011111101
[38;2;24;27;34m10100001100000100100010101011101010010100000100000000000011111100100001
[38;2;24;27;34m00000011011101110010110110110100100111101001110011110110011011000111000
[38;2;24;27;34m10111000001101000000100111110000110100100111110100101100001000010100011
[38;2;24;27;34m0100100100001001011010011100101001001001[38;2;28;31;37m1[38;2;80;82;88m1[38;2;144;146;149m1[38;2;65;67;72m1[38;2;24;27;34m1[38;2;25;28;35m00[38;2;24;27;34m011110101100110011000100
[38;2;24;27;34m1110110111100001101000011011011010001[38;2;26;29;36m1[38;2;49;52;58m1[38;2;113;115;119m0[38;2;157;157;161m1[38;2;115;117;121m0[38;2;66;68;73m0[38;2;92;94;99m0[38;2;138;139;143m1[38;2;148;149;152m0[38;2;62;64;70m0[38;2;24;27;34m001010000000011001010111
[38;2;24;27;34m01100000001110111001001011111111100[38;2;34;37;43m1[38;2;87;89;94m0[38;2;136;138;141m1[38;2;139;140;144m1[38;2;117;119;123m1[38;2;119;120;124m1[38;2;136;138;141m0[38;2;127;128;132m0[38;2;84;87;91m0[38;2;39;42;48m1[38;2;24;27;34m11001100111111000110100101
[38;2;24;27;34m01101110100110111011110110001000[38;2;26;29;36m1[38;2;52;55;61m0[38;2;126;128;132m1[38;2;152;153;156m0[38;2;148;149;153m1[38;2;150;151;154m1[38;2;135;137;140m1[38;2;99;100;105m0[38;2;65;67;72m0[38;2;96;98;103m0[38;2;87;90;94m1[38;2;24;27;34m1110000001001110011100011011
[38;2;24;27;34m10011100111000100000101011110[38;2;25;28;35m0[38;2;46;49;55m0[38;2;99;101;105m1[38;2;164;166;168m1[38;2;187;189;190m1[38;2;149;151;154m0[38;2;126;127;131m1[38;2;80;82;87m1[38;2;47;49;56m0[38;2;85;87;92m1[38;2;134;135;139m1[38;2;146;148;150m1[38;2;95;98;102m1[38;2;35;38;44m0[38;2;24;27;34m1001101111110001100101010111
[38;2;24;27;34m000100010101010110011101110[38;2;27;30;37m1[38;2;79;81;86m1[38;2;157;158;161m1[38;2;199;201;202m1[38;2;165;166;169m0[38;2;105;107;112m1[38;2;60;63;69m1[38;2;38;41;47m1[38;2;85;88;93m1[38;2;136;137;141m1[38;2;133;134;138m1[38;2;90;92;97m1[38;2;45;48;54m0[38;2;25;28;35m0[38;2;24;27;34m111000000111100110110011000110
[38;2;24;27;34m100000101101111010001111[38;2;30;33;40m1[38;2;61;63;69m1[38;2;127;129;133m0[38;2;184;185;187m1[38;2;156;158;161m1[38;2;91;93;98m0[38;2;39;42;48m1[38;2;43;46;52m0[38;2;82;83;88m1[38;2;128;130;134m0[38;2;134;136;139m1[38;2;82;84;89m0[38;2;33;36;43m0[38;2;25;28;35m1[38;2;24;27;34m011010101001000110000111011101000
[38;2;24;27;34m000000000111101010001[38;2;25;28;35m0[38;2;50;53;59m1[38;2;108;110;114m1[38;2;139;141;144m1[38;2;129;131;134m1[38;2;78;80;85m0[38;2;34;37;43m1[38;2;44;47;53m0[38;2;93;95;99m1[38;2;120;122;126m1[38;2;116;118;122m0[38;2;79;81;86m0[38;2;34;37;44m0[38;2;24;27;34m1010110001010010010001101100010100001
[38;2;25;28;34m0[38;2;24;27;34m10110110101101100[38;2;27;30;37m0[38;2;43;46;53m0[38;2;95;97;102m1[38;2;124;125;130m1[38;2;103;105;109m0[38;2;56;59;65m0[38;2;35;38;45m1[38;2;44;47;54m0[38;2;97;99;103m1[38;2;124;126;130m1[38;2;107;109;113m0[38;2;60;63;69m1[38;2;33;36;43m0[38;2;24;27;34m0011011011010011111111110110111100001100
[38;2;50;54;61m1[38;2;42;45;52m0[38;2;33;36;42m1[38;2;26;29;36m1[38;2;24;27;34m10011100001[38;2;28;31;38m1[38;2;60;62;68m0[38;2;106;107;111m0[38;2;129;130;133m1[38;2;111;113;118m0[38;2;54;56;62m0[38;2;31;33;40m1[38;2;62;65;70m1[38;2;96;98;102m1[38;2;114;116;119m0[38;2;100;102;107m0[38;2;50;52;59m1[38;2;24;27;34m11000100001010100111001010000111100110101111
[38;2;60;65;73m1[38;2;60;65;72m0[38;2;59;64;72m0[38;2;55;59;66m1[38;2;46;50;57m1[38;2;34;37;44m1[38;2;24;27;34m0001110[38;2;58;61;67m0[38;2;126;127;131m1[38;2;150;152;155m1[38;2;116;118;122m1[38;2;63;65;71m1[38;2;33;36;43m0[38;2;71;73;78m0[38;2;108;110;114m0[38;2;107;109;113m0[38;2;77;79;84m0[38;2;45;48;54m0[38;2;26;29;36m0[38;2;24;27;34m0010010111000110110111011101011101010000100000
[38;2;96;100;106m1[38;2;60;65;73m1[38;2;61;65;72m0[38;2;60;65;72m0[38;2;60;65;73m1[38;2;60;65;72m0[38;2;55;60;67m0[38;2;41;45;52m1[38;2;29;32;39m1[38;2;34;37;44m0[38;2;66;68;74m0[38;2;122;124;127m1[38;2;161;162;164m1[38;2;131;133;136m1[38;2;63;65;71m0[38;2;46;49;55m0[38;2;75;77;82m0[38;2;104;106;110m1[38;2;105;106;111m0[38;2;63;65;71m1[38;2;28;31;37m1[38;2;24;27;34m11111111100110011101111000010101010111000100011100
[38;2;88;90;95m1[38;2;63;66;72m1[38;2;53;58;65m0[38;2;60;65;72m01[38;2;60;65;73m0[38;2;66;71;78m1[38;2;102;105;111m0[38;2;145;146;150m0[38;2;157;158;161m1[38;2;132;133;137m1[38;2;90;93;97m1[38;2;68;71;76m1[38;2;87;89;94m1[38;2;97;100;104m0[38;2;84;86;92m0[38;2;55;58;63m0[38;2;27;30;37m1[38;2;24;27;34m10010101111000111100101101010101101110011001001000011
[38;2;67;69;75m0[38;2;56;58;64m0[38;2;26;29;36m0[38;2;42;45;52m1[38;2;92;95;100m0[38;2;143;145;149m0[38;2;178;179;181m1[38;2;168;169;172m1[38;2;141;144;147m0[38;2;138;140;144m1[38;2;156;157;160m1[38;2;130;132;136m1[38;2;72;74;80m0[38;2;38;41;47m1[38;2;26;29;36m0[38;2;24;27;34m11010000100110010100110101001010000011011010101111000011
[38;2;90;92;96m0[38;2;70;72;78m1[38;2;116;118;122m1[38;2;150;151;154m0[38;2;140;141;144m1[38;2;128;131;134m0[38;2;127;130;133m1[38;2;126;129;134m1[38;2;114;117;122m1[38;2;91;95;101m1[38;2;62;67;75m1[38;2;60;65;73m0[38;2;49;53;60m1[38;2;28;31;38m0[38;2;24;27;34m000100110110001010110000011101101001001001100011001100001
[38;2;144;146;149m0[38;2;121;122;126m0[38;2;110;112;116m1[38;2;109;110;115m0[38;2;91;93;97m0[38;2;67;69;75m0[38;2;45;48;54m1[38;2;44;48;55m1[38;2;59;64;71m0[38;2;60;65;72m1[38;2;60;65;73m01[38;2;60;65;72m1[38;2;53;57;64m0[38;2;29;32;39m0[38;2;24;27;34m10000011010000001011100101000011101000011111100010111101
[0m
