[38;2;24;27;34m11000001001000100101010110010011010011111000111111110000111001110101110
[38;2;24;27;34m00000100110011001001010110001010010100001010110101110001001111001011101
[38;2;24;27;34m01001110011101010000110000111001010110101011100011001010001000100011100
[38;2;24;27;34m1101011101111001001011101010001110011100100011000111100100100101[38;2;25;28;35m0[38;2;30;33;40m1[38;2;26;29;36m1[38;2;24;27;34m1111
[38;2;24;27;34m11010100010011000110101111111100101110101111001110100010111111[38;2;25;28;35m0[38;2;40;42;48m1[38;2;39;42;48m0[38;2;27;30;37m1[38;2;24;27;34m00001
[38;2;24;27;34m101001000000111000001101100001111111011010010111110010111010[38;2;27;30;37m1[38;2;47;49;55m0[38;2;53;56;61m0[38;2;32;35;41m0[38;2;24;27;34m1110000
[38;2;24;27;34m10010100010000010100101111010111000000[38;2;32;35;42m1[38;2;84;86;91m1[38;2;39;42;48m0[38;2;24;27;34m11011000101010001[38;2;28;31;38m1[38;2;55;58;64m0[38;2;66;69;73m0[38;2;40;43;50m0[38;2;25;28;35m1[38;2;24;27;34m01111011
[38;2;24;27;34m01111111000100011001010011111001110[38;2;28;30;37m0[38;2;56;59;64m0[38;2;126;127;131m0[38;2;160;161;164m0[38;2;96;98;103m1[38;2;29;32;39m0[38;2;24;27;34m0[38;2;27;30;37m0[38;2;37;40;47m1[38;2;27;30;37m0[38;2;24;27;34m1101101110100[38;2;68;70;75m0[38;2;62;65;70m0[38;2;25;28;35m0[38;2;24;27;34m0101010001
[38;2;24;27;34m011011110110110010000001101010111[38;2;34;37;44m0[38;2;91;93;98m1[38;2;141;143;146m1[38;2;131;133;136m0[38;2;65;67;73m1[38;2;25;28;35m0[38;2;34;37;43m1[38;2;72;74;79m0[38;2;116;117;121m0[38;2;138;139;143m1[38;2;129;130;133m1[38;2;39;41;48m1[38;2;24;27;34m01100010010110011110010100
[38;2;24;27;34m000000011010011110100010000001[38;2;26;29;36m0[38;2;49;52;58m0[38;2;124;126;129m0[38;2;144;145;148m1[38;2;90;92;97m0[38;2;43;46;52m0[38;2;46;49;55m1[38;2;100;102;106m0[38;2;142;143;147m1[38;2;136;138;141m0[38;2;100;102;107m1[38;2;59;61;67m0[38;2;35;38;44m1[38;2;25;28;35m0[38;2;24;27;34m101010111100101101101010110
[38;2;24;27;34m1000011011001010001101011000[38;2;39;41;48m0[38;2;88;91;95m1[38;2;133;135;138m1[38;2;124;126;130m0[38;2;68;71;76m1[38;2;78;80;85m0[38;2;115;117;121m0[38;2;134;136;139m0[38;2;140;141;145m0[38;2;141;143;146m1[38;2;135;136;139m1[38;2;35;38;45m0[38;2;24;27;34m0101000101010100001100011011011
[38;2;24;27;34m10100100010101100100100100[38;2;57;59;65m0[38;2;122;124;128m1[38;2;124;125;130m1[38;2;103;105;110m0[38;2;115;117;121m1[38;2;128;128;132m0[38;2;115;117;122m1[38;2;86;88;93m0[38;2;103;105;109m1[38;2;144;145;149m0[38;2;138;140;143m1[38;2;90;92;96m0[38;2;40;43;49m0[38;2;24;27;34m10010111000110001111010001110100
[38;2;24;27;34m0110000011011010000110[38;2;25;28;35m1[38;2;44;46;53m0[38;2;92;94;98m1[38;2;141;142;145m0[38;2;142;143;147m0[38;2;121;123;127m1[38;2;127;128;132m0[38;2;104;105;110m0[38;2;59;62;67m0[38;2;72;74;79m0[38;2;123;124;128m1[38;2;145;147;150m0[38;2;96;98;102m0[38;2;38;40;47m1[38;2;25;28;35m0[38;2;24;27;34m1000011111110110111101100011010111
[38;2;24;27;34m11110111100010000100[38;2;30;33;39m0[38;2;76;78;84m0[38;2;131;132;136m0[38;2;168;169;172m0[38;2;147;148;151m1[38;2;111;113;117m0[38;2;82;84;90m0[38;2;44;47;53m1[38;2;68;70;76m0[38;2;116;118;122m0[38;2;128;129;133m1[38;2;100;102;107m0[38;2;47;50;56m0[38;2;25;28;35m1[38;2;24;27;34m1000010111111100100000001000110111001
[38;2;24;27;34m10111010010000111[38;2;27;30;37m0[38;2;52;55;61m0[38;2;122;124;128m0[38;2;179;179;182m0[38;2;156;157;160m0[38;2;108;109;114m0[38;2;56;59;65m0[38;2;39;41;48m0[38;2;59;61;67m0[38;2;115;117;121m0[38;2;128;130;133m1[38;2;90;92;97m0[38;2;45;48;54m0[38;2;27;30;37m1[38;2;24;27;34m0010110011000001101001111111101010101100
[38;2;24;27;34m00011011000001[38;2;25;28;35m0[38;2;47;50;56m0[38;2;104;105;110m1[38;2;153;154;157m0[38;2;155;156;159m0[38;2;96;99;103m0[38;2;42;45;52m0[38;2;33;36;43m1[38;2;69;71;77m0[38;2;104;106;111m1[38;2;118;119;123m1[38;2;92;94;99m0[38;2;38;40;47m1[38;2;24;27;34m00111001100000000110100101001110101011001111
[38;2;24;27;34m100111010010[38;2;29;32;39m1[38;2;86;88;93m1[38;2;126;128;131m0[38;2;119;121;125m0[38;2;78;80;86m1[38;2;40;43;49m1[38;2;28;31;38m0[38;2;74;76;81m0[38;2;112;114;118m0[38;2;107;109;114m0[38;2;74;77;82m1[38;2;41;44;50m0[38;2;25;28;35m1[38;2;24;27;34m1000110001011010111000001011000011110110011100
[38;2;24;27;34m11100101[38;2;25;28;35m0[38;2;41;44;50m0[38;2;72;75;80m1[38;2;105;107;111m0[38;2;104;106;110m0[38;2;57;59;65m1[38;2;28;31;38m0[38;2;42;45;51m0[38;2;72;75;80m1[38;2;105;107;111m0[38;2;107;109;113m1[38;2;63;65;71m0[38;2;27;30;37m0[38;2;24;27;34m10010100000111101000101001001110101010011100011111
[38;2;24;27;34m000110[38;2;41;44;50m1[38;2;92;94;99m0[38;2;116;117;121m1[38;2;101;103;108m1[38;2;63;66;72m1[38;2;29;31;38m0[38;2;46;49;55m0[38;2;83;86;91m1[38;2;97;99;104m0[38;2;86;89;94m0[38;2;58;61;67m0[38;2;27;30;37m1[38;2;24;27;34m01100111000011010100011011001110100110111011101110000
[38;2;24;27;34m00[38;2;27;30;37m1[38;2;44;46;53m0[38;2;92;94;99m0[38;2;135;136;140m1[38;2;119;120;124m1[38;2;64;66;72m1[38;2;38;41;47m0[38;2;48;51;57m0[38;2;89;90;95m0[38;2;96;99;103m1[38;2;76;78;83m1[38;2;41;44;50m1[38;2;27;30;37m0[38;2;24;27;34m11000001001110011011110110100101111110101101111000100000
[38;2;69;71;76m0[38;2;96;99;103m1[38;2;123;125;128m0[38;2;120;121;125m0[38;2;71;74;79m1[38;2;39;42;49m1[38;2;62;65;71m0[38;2;83;85;90m1[38;2;85;88;92m0[38;2;69;71;77m0[38;2;30;33;40m0[38;2;24;27;34m101100100001100100010111111011010010010111000000100100111000
[38;2;136;138;142m0[38;2;111;114;119m1[38;2;93;95;99m0[38;2;93;95;100m1[38;2;92;94;99m0[38;2;75;77;83m0[38;2;50;53;59m0[38;2;31;34;40m0[38;2;24;27;34m011100010011100100101011011000110000110101111101011000111111100
[0m
