[38;2;24;27;34m00011010110000101001101110101001111001101100010001001101011110100100000
[38;2;24;27;34m10000000101100110111100111000010010011111000001000001110010111101111101
[38;2;24;27;34m10100001100110100010100001010010101100001110011101010011000011010001000
[38;2;24;27;34m10011011101111000010101100000111111010101010101000000100101011111011100
[38;2;24;27;34m01110110000111011110010010101011100100011000001010100001010101100111101
[38;2;24;27;34m01111010110101011101100000100011110100100101100110000001011001111110100
[38;2;24;27;34m001000000010110110100011000100010001[38;2;31;34;41m1[38;2;38;41;47m0[38;2;24;27;34m000101000111110100010100101000110
[38;2;24;27;34m010000010111111010111100011111111[38;2;27;30;37m1[38;2;57;59;65m1[38;2;127;129;133m1[38;2;163;164;167m1[38;2;83;85;90m1[38;2;24;27;34m010010001000100011001011100110001
[38;2;24;27;34m1110011100001011111010000100000[38;2;32;35;42m1[38;2;88;90;95m0[38;2;144;145;148m1[38;2;134;136;140m1[38;2;68;70;76m0[38;2;27;29;36m0[38;2;24;27;34m011[38;2;25;28;35m0[38;2;40;43;49m0[38;2;47;49;56m0[38;2;24;27;34m10100001[38;2;25;28;35m0[38;2;32;35;42m0[38;2;30;33;39m0[38;2;25;28;35m0[38;2;24;27;34m1011000111000101
[38;2;24;27;34m0111101101101101111100000111[38;2;25;28;35m1[38;2;44;46;53m1[38;2;117;119;123m0[38;2;149;150;153m0[38;2;97;98;103m0[38;2;41;44;50m1[38;2;25;28;35m0[38;2;24;27;34m1[38;2;26;29;36m1[38;2;34;37;44m1[38;2;75;77;82m1[38;2;126;127;131m0[38;2;148;149;152m1[38;2;135;136;139m1[38;2;79;81;87m1[38;2;24;27;34m010000[38;2;25;28;35m1[38;2;39;42;48m1[38;2;44;47;53m1[38;2;30;33;40m1[38;2;24;27;34m100000000011111101
[38;2;24;27;34m11101110011111111000111000[38;2;31;34;41m0[38;2;77;79;84m0[38;2;129;131;135m1[38;2;131;133;136m0[38;2;61;64;70m0[38;2;24;27;34m0[38;2;25;28;35m0[38;2;41;44;51m0[38;2;77;79;84m1[38;2;128;129;133m1[38;2;138;139;142m1[38;2;133;135;139m0[38;2;94;97;101m0[38;2;46;48;54m1[38;2;25;28;35m0[38;2;24;27;34m001001[38;2;26;29;36m1[38;2;45;49;55m0[38;2;59;61;66m1[38;2;38;40;47m0[38;2;24;27;34m10100111010001110001
[38;2;24;27;34m110111110101001111100011[38;2;40;43;49m0[38;2;109;111;115m0[38;2;130;132;135m1[38;2;92;94;99m1[38;2;41;44;50m1[38;2;26;29;36m0[38;2;59;62;68m1[38;2;111;113;117m0[38;2;143;144;148m0[38;2;204;205;206m1[38;2;206;206;208m1[38;2;126;128;131m0[38;2;35;38;45m1[38;2;24;27;34m10111001[38;2;27;30;37m1[38;2;65;68;74m1[38;2;76;79;83m1[38;2;46;49;55m0[38;2;25;28;35m0[38;2;24;27;34m011100101000100000010
[38;2;24;27;34m011000110010001101111[38;2;32;35;42m0[38;2;70;72;77m0[38;2;122;124;127m1[38;2;118;120;124m1[38;2;56;59;64m1[38;2;49;52;58m1[38;2;83;85;90m1[38;2;119;121;125m1[38;2;136;138;141m1[38;2;147;148;151m1[38;2;158;158;161m0[38;2;148;150;153m0[38;2;75;77;82m1[38;2;29;32;39m1[38;2;24;27;34m0101000010[38;2;26;29;36m0[38;2;51;53;59m1[38;2;29;32;38m1[38;2;24;27;34m11110101001001001010010
[38;2;24;27;34m1111010101011011011[38;2;49;52;58m0[38;2;100;102;107m1[38;2;115;117;121m1[38;2;90;92;97m1[38;2;79;82;86m1[38;2;102;104;108m0[38;2;113;115;119m0[38;2;102;104;108m0[38;2;104;105;110m1[38;2;125;126;130m1[38;2;133;134;138m1[38;2;100;101;106m1[38;2;43;45;52m0[38;2;24;27;34m001111000001110110000100100101010101000
[38;2;24;27;34m1111011101010100[38;2;31;34;41m0[38;2;75;78;83m1[38;2;119;120;124m0[38;2;109;110;115m0[38;2;103;106;109m1[38;2;114;116;120m0[38;2;108;110;114m0[38;2;74;77;82m0[38;2;62;64;70m0[38;2;106;108;112m1[38;2;134;136;139m1[38;2;103;105;109m0[38;2;49;52;58m1[38;2;27;30;37m1[38;2;24;27;34m00011111011010101000000000101100001111011
[38;2;24;27;34m0010000010010[38;2;28;31;37m1[38;2;59;62;67m1[38;2;101;103;107m0[38;2;137;139;142m1[38;2;125;127;130m0[38;2;105;107;111m1[38;2;95;97;102m0[38;2;55;58;64m1[38;2;49;51;58m0[38;2;92;94;98m0[38;2;120;121;125m1[38;2;109;111;116m1[38;2;54;56;62m1[38;2;24;27;34m110000111000101111100111110111111010110101100
[38;2;24;27;34m11101111111[38;2;36;38;45m1[38;2;93;95;101m0[38;2;142;144;147m1[38;2;146;147;150m0[38;2;110;112;116m1[38;2;70;72;78m0[38;2;43;45;52m1[38;2;38;41;47m1[38;2;94;96;101m1[38;2;117;118;122m0[38;2;97;99;104m1[38;2;58;60;66m1[38;2;29;32;39m0[38;2;24;27;34m11010001111101000100011110001011011111010111011
[38;2;24;27;34m00101001[38;2;37;40;46m0[38;2;78;81;86m1[38;2;133;135;139m1[38;2;153;154;157m1[38;2;104;106;111m0[38;2;55;58;64m0[38;2;29;32;39m1[38;2;47;49;56m0[38;2;82;84;90m1[38;2;109;111;115m0[38;2;101;102;107m1[38;2;45;48;54m0[38;2;26;29;36m0[38;2;24;27;34m11100011010110000001010110101101101111111000011100
[38;2;24;27;34m10010[38;2;26;29;36m0[38;2;66;69;74m0[38;2;113;114;118m1[38;2;125;127;130m1[38;2;96;98;103m1[38;2;50;53;59m0[38;2;26;29;36m1[38;2;50;52;58m0[38;2;86;88;93m1[38;2;98;100;104m1[38;2;84;86;91m1[38;2;50;52;59m1[38;2;25;28;35m0[38;2;24;27;34m10100101110101010101101010011010001001000101000110110
[38;2;24;27;34m01[38;2;29;32;39m0[38;2;48;50;56m1[38;2;89;91;96m0[38;2;100;102;106m0[38;2;71;74;79m1[38;2;38;41;47m0[38;2;31;34;41m1[38;2;47;50;56m0[38;2;89;91;95m1[38;2;96;98;103m0[38;2;73;75;81m1[38;2;39;42;48m1[38;2;26;29;36m0[38;2;24;27;34m00100101010010101101100010111101011000000110110010110111
[38;2;62;65;70m0[38;2;88;89;95m0[38;2;89;91;96m1[38;2;68;70;75m1[38;2;29;32;39m0[38;2;32;35;41m1[38;2;59;61;67m0[38;2;80;82;87m1[38;2;85;86;91m1[38;2;69;72;77m0[38;2;30;33;40m0[38;2;24;27;34m100001001000010111110011100111111111010100001011100000111010
[38;2;67;69;74m1[38;2;37;39;46m0[38;2;28;31;38m1[38;2;68;71;76m1[38;2;82;84;89m0[38;2;76;78;83m0[38;2;51;54;60m0[38;2;32;35;41m0[38;2;24;27;34m001000001101010110100100010010010000010101101011010011010110000
[0m
