[38;2;24;27;34m10000100001000111010111110110110010111011100101011000101000111100111000
[38;2;24;27;34m11001010011110110101101100010001011101010100111110001000111101101111011
[38;2;24;27;34m00100101001001000000101011010001111010001100111010111101010010110010010
[38;2;24;27;34m10100000000111101101100110000001000101111000101101100001001110100000010
[38;2;24;27;34m10101110000000100011010000101111010010010001010110101111001100101101001
[38;2;24;27;34m01000000001111101101010100010111110100011001010101111011010111110101111
[38;2;24;27;34m1011011001001010111001001000110111[38;2;25;28;35m1[38;2;48;51;57m0[38;2;32;34;41m1[38;2;24;27;34m1110100100001011011101101011001111
[38;2;24;27;34m00010100001011000111001001000000[38;2;37;40;47m1[38;2;95;97;102m0[38;2;158;160;162m1[38;2;134;136;140m0[38;2;41;43;50m1[38;2;24;27;34m0111111110010111010011110111000000
[38;2;24;27;34m01011001111001001110101111101[38;2;25;28;35m1[38;2;58;61;67m1[38;2;126;127;131m1[38;2;148;149;152m0[38;2;98;100;105m0[38;2;37;40;46m1[38;2;24;27;34m001010111101110110100011101010001001
[38;2;24;27;34m001111101111010010001110111[38;2;29;32;39m0[38;2;81;83;88m1[38;2;147;148;151m1[38;2;124;126;130m1[38;2;60;63;69m1[38;2;28;31;38m0[38;2;24;27;34m11110[38;2;27;30;37m0[38;2;34;37;43m0[38;2;68;71;77m1[38;2;112;114;118m1[38;2;71;73;79m1[38;2;24;27;34m0110110110010111101111011001
[38;2;24;27;34m101111111110111001001001[38;2;25;28;35m1[38;2;50;53;59m0[38;2;107;108;113m0[38;2;140;141;144m0[38;2;94;97;101m1[38;2;31;34;41m0[38;2;24;27;34m01[38;2;25;28;35m0[38;2;39;42;49m0[38;2;31;34;41m0[38;2;54;57;63m0[38;2;87;89;95m0[38;2;119;120;125m0[38;2;138;139;142m0[38;2;136;138;141m1[38;2;103;105;110m1[38;2;59;62;67m0[38;2;27;30;37m0[38;2;24;27;34m0101010111110001100011010110
[38;2;24;27;34m1110011000000101010011[38;2;25;28;35m0[38;2;72;74;80m1[38;2;128;130;133m1[38;2;114;116;120m0[38;2;61;64;69m0[38;2;27;29;36m1[38;2;24;27;34m10[38;2;26;29;36m0[38;2;76;78;84m1[38;2;170;171;174m0[38;2;193;194;195m1[38;2;130;132;136m1[38;2;108;110;114m1[38;2;77;79;84m1[38;2;47;50;56m0[38;2;28;31;37m0[38;2;24;27;34m10000100001001010110010001100010
[38;2;24;27;34m0101100000010001101[38;2;25;28;35m0[38;2;43;46;52m0[38;2;94;96;100m0[38;2;130;130;134m1[38;2;86;88;93m1[38;2;32;35;42m1[38;2;24;27;34m0[38;2;30;33;40m0[38;2;49;52;58m1[38;2;95;97;101m1[38;2;147;149;152m0[38;2;167;168;171m0[38;2;121;123;126m0[38;2;59;62;68m0[38;2;30;33;40m0[38;2;26;29;35m0[38;2;24;27;34m000011[38;2;27;29;36m1[38;2;31;34;40m1[38;2;27;30;36m1[38;2;24;27;34m101111110001100001101111011
[38;2;24;27;34m01010100100001101[38;2;27;30;37m1[38;2;69;71;76m1[38;2;110;111;115m0[38;2;105;107;111m0[38;2;58;61;66m0[38;2;25;28;35m0[38;2;40;43;50m1[38;2;81;83;88m1[38;2;108;110;114m0[38;2;157;158;161m1[38;2;197;198;199m1[38;2;162;163;166m0[38;2;82;85;90m0[38;2;31;34;41m1[38;2;24;27;34m00000011[38;2;27;30;37m0[38;2;41;44;50m0[38;2;39;41;48m0[38;2;27;30;37m1[38;2;24;27;34m1011100110000000110100000111
[38;2;24;27;34m00010100111010[38;2;25;28;35m1[38;2;37;40;47m0[38;2;93;96;100m0[38;2;113;115;119m1[38;2;74;76;82m1[38;2;42;44;51m1[38;2;54;57;62m0[38;2;100;102;107m1[38;2;113;115;119m0[38;2;115;116;120m1[38;2;137;139;142m1[38;2;149;150;153m1[38;2;103;104;109m0[38;2;45;48;54m1[38;2;26;29;36m1[38;2;24;27;34m01001110[38;2;27;30;37m1[38;2;51;53;59m1[38;2;53;56;61m1[38;2;31;34;40m0[38;2;24;27;34m011111111110101111000001111110
[38;2;24;27;34m001111101000[38;2;31;34;40m0[38;2;65;68;73m1[38;2;98;100;105m0[38;2;99;100;105m1[38;2;67;69;75m0[38;2;75;77;82m0[38;2;98;100;105m0[38;2;100;101;106m1[38;2;92;94;98m1[38;2;90;92;97m1[38;2;119;121;124m0[38;2;115;117;121m0[38;2;59;61;67m0[38;2;25;28;35m0[38;2;24;27;34m101110100[38;2;36;39;45m0[38;2;60;63;68m0[38;2;67;70;75m0[38;2;37;40;46m1[38;2;24;27;34m01111000100110100100111000001000
[38;2;24;27;34m0011111101[38;2;41;43;50m0[38;2;93;95;99m0[38;2;94;96;101m1[38;2;92;94;98m0[38;2;100;101;106m0[38;2;97;99;103m0[38;2;78;80;86m1[38;2;53;56;61m0[38;2;74;76;82m0[38;2;115;116;120m1[38;2;107;110;113m0[38;2;69;72;77m1[38;2;33;36;42m0[38;2;24;27;34m110110101000[38;2;52;54;60m0[38;2;60;62;68m1[38;2;25;28;35m0[38;2;24;27;34m010001110111001000101000101001011
[38;2;24;27;34m1110100[38;2;36;39;45m1[38;2;66;69;74m0[38;2;106;108;112m0[38;2;116;118;122m1[38;2;94;96;100m0[38;2;92;95;99m1[38;2;64;67;72m0[38;2;36;39;46m0[38;2;59;62;67m0[38;2;99;101;105m1[38;2;111;113;117m1[38;2;70;73;78m1[38;2;28;31;38m0[38;2;24;27;34m100010001001010011001011000011011010000010100011001
[38;2;24;27;34m1001[38;2;26;29;36m1[38;2;58;60;66m1[38;2;98;101;105m0[38;2;122;123;126m1[38;2;106;108;112m0[38;2;73;75;80m0[38;2;52;55;61m0[38;2;29;32;39m0[38;2;62;64;71m0[38;2;91;93;98m1[38;2;95;97;101m0[38;2;72;74;80m1[38;2;34;37;44m1[38;2;24;27;34m001001100101110010110011011110011000110101001000110000
[38;2;24;27;34m0[38;2;26;29;36m1[38;2;43;46;52m0[38;2;89;91;96m1[38;2;125;127;130m0[38;2;104;106;110m1[38;2;66;68;74m0[38;2;36;39;45m0[38;2;32;35;42m1[38;2;54;56;62m0[38;2;90;92;97m0[38;2;93;95;100m0[38;2;60;62;68m1[38;2;34;36;43m1[38;2;24;27;34m011001010100110100000010111001111111000010011111011111100
[38;2;73;76;81m1[38;2;101;103;107m1[38;2;97;99;104m1[38;2;58;61;67m0[38;2;27;30;37m1[38;2;33;36;42m0[38;2;59;62;68m0[38;2;80;82;87m0[38;2;81;83;88m1[38;2;61;63;69m0[38;2;27;30;36m0[38;2;24;27;34m111110000111000010011001011011000010010100001011100010110100
[38;2;47;50;57m1[38;2;28;31;38m0[38;2;27;30;37m1[38;2;66;69;74m1[38;2;79;81;86m0[38;2;72;74;80m0[38;2;48;51;57m0[38;2;30;32;39m0[38;2;24;27;34m011001110000010010000001011011001011010011010010100010101001110
[0m
