[38;2;24;27;34m01010101101011001111101001110101100001011101001011011101100100111000110
[38;2;24;27;34m10001100000010010010100010100100110011001101111100001010000111100010100
[38;2;24;27;34m11100101111001001010001100000101101110101010011001011111011100001110110
[38;2;24;27;34m11100111000101000010100011100011000111001100101110011111100000110101110
[38;2;24;27;34m10110000011001000101001101010110000110011011010101111011101111101010000
[38;2;24;27;34m10000100010001001000100100111111101111111100100101111001111001000011011
[38;2;24;27;34m100111110001101001011111010110010[38;2;25;28;35m0[38;2;64;67;72m0[38;2;116;117;121m0[38;2;37;39;46m0[38;2;24;27;34m1111111010100001010100110101110110
[38;2;24;27;34m111101110000110001011010010001[38;2;25;28;35m0[38;2;41;44;50m0[38;2;99;101;106m1[38;2;159;160;163m0[38;2;130;132;135m0[38;2;58;61;67m0[38;2;26;29;35m1[38;2;24;27;34m0000111110101101001010101011001000
[38;2;24;27;34m1011101000101101001111000000[38;2;27;30;36m0[38;2;68;70;76m0[38;2;130;132;135m0[38;2;142;144;147m0[38;2;90;92;97m0[38;2;32;35;42m1[38;2;24;27;34m0011000001110110001100000111010010101
[38;2;24;27;34m01001000100111011000010101[38;2;32;35;42m0[38;2;95;97;102m0[38;2;147;148;151m0[38;2;111;112;117m0[38;2;52;54;60m1[38;2;27;30;36m0[38;2;24;27;34m11111000[38;2;26;29;36m1[38;2;30;33;40m0[38;2;47;50;56m1[38;2;41;44;51m1[38;2;24;27;34m101100111001101100000110010
[38;2;24;27;34m01011010000001010100001[38;2;26;29;36m1[38;2;58;61;67m1[38;2;114;116;119m0[38;2;135;137;141m0[38;2;78;80;85m0[38;2;26;29;36m1[38;2;24;27;34m01[38;2;38;40;47m1[38;2;65;67;73m1[38;2;24;27;34m011[38;2;33;36;43m0[38;2;56;59;65m1[38;2;87;90;95m0[38;2;115;117;121m1[38;2;135;137;140m1[38;2;140;141;145m1[38;2;123;125;128m0[38;2;64;67;72m1[38;2;24;27;34m100010001110101100101100110
[38;2;24;27;34m100010111011000101001[38;2;27;30;36m0[38;2;84;86;91m0[38;2;127;129;132m1[38;2;103;106;110m0[38;2;51;54;60m1[38;2;25;28;35m1[38;2;24;27;34m11[38;2;36;39;46m1[38;2;117;118;122m0[38;2;164;165;168m0[38;2;106;108;112m0[38;2;72;74;80m1[38;2;114;116;121m0[38;2;128;130;134m1[38;2;125;126;131m0[38;2;105;107;111m0[38;2;77;78;84m1[38;2;50;53;59m0[38;2;30;33;40m0[38;2;24;27;34m001010010110000001011011000000
[38;2;24;27;34m101000101010011000[38;2;26;29;36m0[38;2;47;50;56m1[38;2;99;101;105m1[38;2;124;126;129m0[38;2;71;73;79m1[38;2;29;32;38m0[38;2;24;27;34m01[38;2;25;28;35m1[38;2;52;54;61m0[38;2;136;137;141m1[38;2;202;202;203m0[38;2;169;170;172m0[38;2;130;131;135m0[38;2;121;123;126m1[38;2;81;84;88m1[38;2;41;44;50m1[38;2;28;31;38m1[38;2;25;28;35m0[38;2;24;27;34m1111110101000101000010111111000000
[38;2;24;27;34m1101011010110001[38;2;27;30;37m0[38;2;72;75;80m1[38;2;106;108;113m1[38;2;96;98;103m0[38;2;48;51;57m1[38;2;24;27;34m10[38;2;25;28;35m0[38;2;45;47;54m1[38;2;87;90;95m0[38;2;134;135;140m0[38;2;153;154;157m0[38;2;117;119;123m1[38;2;72;74;80m0[38;2;38;41;47m1[38;2;25;28;35m0[38;2;24;27;34m011100000100000010001111100111010011000
[38;2;24;27;34m1101001001110[38;2;25;28;35m1[38;2;38;41;48m1[38;2;91;93;98m1[38;2;107;109;113m0[38;2;65;67;73m0[38;2;32;35;41m0[38;2;26;29;36m0[38;2;34;37;43m1[38;2;68;70;76m0[38;2;117;119;123m1[38;2;175;175;178m0[38;2;174;175;177m0[38;2;101;104;108m0[38;2;42;45;51m0[38;2;25;28;35m1[38;2;24;27;34m1000011100111110001011011011000010010001111
[38;2;24;27;34m01001110111[38;2;30;32;39m0[38;2;63;65;71m0[38;2;94;96;100m1[38;2;90;93;97m1[38;2;40;43;49m1[38;2;33;36;42m0[38;2;59;62;68m1[38;2;83;85;90m0[38;2;104;105;110m0[38;2;137;138;142m1[38;2;150;152;154m0[38;2;121;122;126m1[38;2;62;64;70m1[38;2;25;28;35m1[38;2;24;27;34m101001001[38;2;25;28;35m0[38;2;24;27;34m101101001011100110100101011111010111
[38;2;24;27;34m000110010[38;2;36;39;45m0[38;2;86;88;93m1[38;2;89;91;96m1[38;2;58;60;66m1[38;2;42;45;51m0[38;2;80;83;88m1[38;2;91;93;97m1[38;2;86;88;93m0[38;2;81;82;88m0[38;2;119;121;125m0[38;2;112;114;118m1[38;2;78;80;85m1[38;2;38;41;48m0[38;2;24;27;34m0100101110[38;2;31;34;40m1[38;2;34;37;43m1[38;2;26;29;36m0[38;2;24;27;34m001010010101010011101101111000001101
[38;2;24;27;34m101110[38;2;33;36;42m1[38;2;58;60;66m1[38;2;84;86;91m0[38;2;85;88;93m1[38;2;57;59;65m1[38;2;79;82;86m1[38;2;86;88;93m0[38;2;77;79;85m1[38;2;52;55;61m0[38;2;79;81;87m1[38;2;107;109;113m0[38;2;92;94;99m0[38;2;36;39;45m0[38;2;25;28;35m0[38;2;24;27;34m010000101[38;2;25;28;35m0[38;2;37;40;46m1[38;2;47;50;56m0[38;2;34;37;43m0[38;2;24;27;34m10101000010011100000001111101011011111
[38;2;24;27;34m011[38;2;25;28;35m1[38;2;46;49;55m0[38;2;70;73;78m1[38;2;84;86;91m1[38;2;88;90;95m1[38;2;76;78;83m0[38;2;70;73;78m1[38;2;56;59;64m0[38;2;39;42;48m0[38;2;75;77;82m0[38;2;93;96;100m0[38;2;83;85;90m1[38;2;51;54;60m0[38;2;25;28;35m1[38;2;24;27;34m01101001110[38;2;42;45;51m1[38;2;60;62;67m1[38;2;44;47;53m0[38;2;26;29;35m1[38;2;24;27;34m000011000101111001101110101100110111001
[38;2;25;28;35m0[38;2;32;35;42m0[38;2;63;66;72m1[38;2;84;86;91m1[38;2;92;94;98m0[38;2;77;79;84m1[38;2;61;63;69m1[38;2;36;39;46m1[38;2;36;38;45m1[38;2;63;66;71m0[38;2;89;91;97m0[38;2;82;84;89m0[38;2;45;48;54m0[38;2;28;31;38m1[38;2;24;27;34m110111101010[38;2;51;54;60m0[38;2;86;88;93m1[38;2;54;56;62m1[38;2;28;31;37m1[38;2;24;27;34m11111010100110100011100000110001101101101
[38;2;80;82;87m1[38;2;91;93;97m1[38;2;68;71;76m1[38;2;52;55;61m0[38;2;27;30;37m1[38;2;36;39;45m1[38;2;60;62;68m1[38;2;77;80;84m1[38;2;76;78;83m0[38;2;47;49;56m0[38;2;24;27;34m0100000110001101[38;2;34;37;43m0[38;2;36;39;45m1[38;2;24;27;34m0111000001011011100101011011010101001100100
[38;2;39;41;48m1[38;2;27;30;37m0[38;2;28;31;38m0[38;2;64;66;72m1[38;2;72;74;80m1[38;2;64;66;72m0[38;2;42;45;51m0[38;2;27;30;36m1[38;2;24;27;34m001000000011110000000010000001001110100101010010101000010101111
[0m
