[38;2;24;27;34m10001101101011111010101111100001101100000101101110111100101100010011111
[38;2;24;27;34m00001011101001110110100101111011110111111110011000110011100110001110110
[38;2;24;27;34m10111000000110111001101000100001011010010100100010011100100111010010110
[38;2;24;27;34m01001010111111000100001010100101000010101001001001001100110000111100101
[38;2;24;27;34m01110100101011100010111000010101111100110001011101111111101011110011011
[38;2;24;27;34m11001101110011110010110001110110100[38;2;28;31;38m1[38;2;48;51;57m1[38;2;29;32;39m1[38;2;24;27;34m011001010001001110101101110001010
[38;2;24;27;34m100011101000011100000011000001000[38;2;40;42;49m0[38;2;107;109;113m0[38;2;155;155;159m1[38;2;129;130;134m1[38;2;37;40;47m1[38;2;24;27;34m011100111101011001111010000101000
[38;2;24;27;34m111101000010011101001010011011[38;2;33;36;43m0[38;2;74;77;82m0[38;2;140;142;145m1[38;2;147;148;151m0[38;2;82;84;89m0[38;2;34;37;43m1[38;2;25;28;35m1[38;2;24;27;34m1110100100111010011000001010001011
[38;2;24;27;34m100110000010100111000110101[38;2;25;28;34m0[38;2;52;55;60m0[38;2;113;115;120m1[38;2;138;139;143m0[38;2;105;107;112m0[38;2;44;46;53m1[38;2;24;27;34m11111101000000000000011101011001111011
[38;2;24;27;34m0011000111110000000000001[38;2;29;32;39m0[38;2;74;77;82m0[38;2;138;139;143m0[38;2;118;120;124m1[38;2;59;62;68m1[38;2;29;32;39m1[38;2;24;27;34m1[38;2;26;29;36m0[38;2;24;27;34m011000010[38;2;25;28;35m0[38;2;28;31;38m0[38;2;36;38;45m1[38;2;42;44;51m1[38;2;24;27;34m1001110110100000000000100
[38;2;24;27;34m0010101111111100001010[38;2;25;28;35m0[38;2;48;51;57m1[38;2;100;102;107m1[38;2;129;131;135m0[38;2;91;92;97m0[38;2;29;32;39m1[38;2;24;27;34m01[38;2;48;51;57m0[38;2;129;131;134m0[38;2;118;120;124m0[38;2;24;27;34m1100[38;2;25;28;35m0[38;2;36;39;46m0[38;2;59;61;67m0[38;2;86;88;93m0[38;2;112;114;118m1[38;2;131;133;136m0[38;2;139;140;143m1[38;2;134;135;139m0[38;2;89;91;96m1[38;2;25;28;35m0[38;2;24;27;34m100111010010011100000001
[38;2;24;27;34m10100100101010001100[38;2;25;28;35m1[38;2;66;69;74m1[38;2;119;121;125m0[38;2;104;106;110m0[38;2;57;59;65m0[38;2;26;29;36m0[38;2;24;27;34m01[38;2;41;44;50m0[38;2;130;131;134m0[38;2;157;158;161m0[38;2;85;87;92m0[38;2;30;33;40m0[38;2;25;28;35m0[38;2;48;50;57m1[38;2;90;92;98m0[38;2;120;122;125m0[38;2;126;128;132m1[38;2;121;122;126m0[38;2;100;102;106m1[38;2;75;77;83m0[38;2;52;54;60m1[38;2;33;36;43m0[38;2;25;28;35m0[38;2;24;27;34m010100111101100000010010011
[38;2;24;27;34m11011011010111111[38;2;25;28;34m1[38;2;40;42;49m1[38;2;85;87;91m0[38;2;117;118;122m1[38;2;79;81;87m1[38;2;30;32;39m1[38;2;24;27;34m11[38;2;26;28;35m1[38;2;51;54;60m1[38;2;124;126;129m1[38;2;155;155;158m1[38;2;87;89;94m1[38;2;68;70;76m1[38;2;99;101;105m1[38;2;119;120;124m0[38;2;122;123;127m1[38;2;100;102;107m1[38;2;59;62;68m1[38;2;32;35;42m1[38;2;27;30;37m0[38;2;24;27;34m101000110100101001110101100000100
[38;2;24;27;34m110011110001110[38;2;25;28;35m0[38;2;58;60;66m1[38;2;98;99;104m0[38;2;95;97;102m0[38;2;55;57;63m1[38;2;25;28;35m1[38;2;24;27;34m10[38;2;26;28;35m0[38;2;66;69;74m0[38;2;146;148;151m1[38;2;184;185;187m1[38;2;135;137;140m0[38;2;108;110;114m0[38;2;96;98;102m0[38;2;75;77;83m0[38;2;44;46;53m0[38;2;26;29;35m1[38;2;24;27;34m01000000111010111001000101000001010101
[38;2;24;27;34m0001111110001[38;2;32;35;41m1[38;2;73;76;81m1[38;2;100;101;106m0[38;2;71;73;78m0[38;2;35;37;44m0[38;2;24;27;34m01[38;2;28;31;38m0[38;2;41;43;50m1[38;2;87;89;94m1[38;2;140;141;144m0[38;2;142;144;147m0[38;2;98;99;104m1[38;2;51;54;60m0[38;2;35;38;44m0[38;2;25;28;35m0[38;2;24;27;34m111111101101111000100101111001011100011000
[38;2;24;27;34m1011001101[38;2;25;28;35m1[38;2;50;53;59m0[38;2;80;82;87m1[38;2;86;88;93m1[38;2;47;50;56m0[38;2;24;27;34m0[38;2;26;28;35m0[38;2;44;46;53m0[38;2;66;69;74m0[38;2;113;115;119m1[38;2;158;159;161m0[38;2;150;152;155m0[38;2;75;77;83m1[38;2;26;29;36m0[38;2;24;27;34m11100111100110111101100101010001001110101111111
[38;2;24;27;34m01000010[38;2;27;30;37m1[38;2;67;70;75m1[38;2;82;84;90m0[38;2;61;63;69m0[38;2;33;36;43m1[38;2;26;29;36m0[38;2;60;63;68m0[38;2;82;84;89m0[38;2;87;89;94m1[38;2;122;124;128m1[38;2;133;135;138m0[38;2;95;97;101m1[38;2;47;50;56m0[38;2;25;28;35m1[38;2;24;27;34m1111101010000110011100111101101101100110100111010
[38;2;24;27;34m01000[38;2;27;29;36m1[38;2;43;45;52m0[38;2;69;71;77m0[38;2;74;77;81m0[38;2;42;44;51m1[38;2;42;45;51m0[38;2;65;67;73m0[38;2;77;79;84m1[38;2;82;84;89m1[38;2;74;77;82m0[38;2;93;96;101m0[38;2;103;105;109m0[38;2;53;56;62m1[38;2;26;29;36m0[38;2;24;27;34m0001000010101100101000010001010111010001110111110100
[38;2;24;27;34m001[38;2;32;34;41m0[38;2;56;58;64m0[38;2;64;66;72m0[38;2;56;59;65m0[38;2;58;60;66m1[38;2;64;66;72m1[38;2;66;69;74m1[38;2;56;58;64m0[38;2;55;58;64m1[38;2;79;81;86m0[38;2;86;88;93m0[38;2;67;70;75m1[38;2;32;35;42m0[38;2;24;27;34m1111101000000111100101010101010100011011111110111110111
[38;2;27;30;37m1[38;2;42;44;51m0[38;2;61;63;69m1[38;2;62;64;69m1[38;2;62;65;70m1[38;2;61;64;69m1[38;2;57;59;65m0[38;2;38;40;47m1[38;2;39;42;48m0[38;2;69;72;77m1[38;2;82;84;89m0[38;2;64;67;73m0[38;2;35;38;44m0[38;2;25;28;35m1[38;2;24;27;34m1100100110[38;2;25;28;35m1[38;2;29;32;39m1[38;2;30;33;40m1[38;2;24;27;34m11011010101101011011101010011011011101000111
[38;2;68;70;75m1[38;2;65;67;73m1[38;2;52;55;61m0[38;2;48;50;56m0[38;2;28;31;38m0[38;2;38;41;47m1[38;2;57;60;66m1[38;2;70;73;78m0[38;2;65;67;73m0[38;2;34;37;43m0[38;2;24;27;34m1100110010000[38;2;37;40;46m1[38;2;42;45;51m1[38;2;32;34;41m0[38;2;24;27;34m111001111011101000100011001010110011110111001
[38;2;36;39;45m1[38;2;27;30;37m1[38;2;30;32;39m1[38;2;59;61;67m0[38;2;64;65;72m1[38;2;52;55;61m1[38;2;36;39;46m0[38;2;25;28;35m1[38;2;24;27;34m0110000011010[38;2;39;42;48m0[38;2;59;61;66m0[38;2;39;42;48m1[38;2;25;28;35m1[38;2;24;27;34m1011000011110111011101100101101010010110100100
[0m
