[38;2;24;27;34m11111000011110001110011010011110010111000001010000111010011110111100110
[38;2;24;27;34m11111100110001100100111101100011111000000110011101010001011010111111001
[38;2;24;27;34m01100001111011010011101000000100110010011110101010011010111010111110110
[38;2;24;27;34m11110001011010010011110001111000100000001100000011111101101111111010110
[38;2;24;27;34m10111011010111111000000000111111000100011010100101100110101011000100000
[38;2;24;27;34m00110110000101100000110001001100000011110000100101101110001111011101101
[38;2;24;27;34m10010010011100001001011110101110010011110000011000000010110101101010011
[38;2;24;27;34m00000010101100110100011010011100110101011010001010110111011100000001011
[38;2;24;27;34m00101010001101100001111000001100011100111100100010000000011101001101010
[38;2;24;27;34m10100100001100000010001011000011100010100011111010010001000001101111001
[38;2;24;27;34m01100101010010011011101110101010[38;2;26;27;34m1[38;2;28;29;35m1[38;2;29;29;35m1[38;2;27;28;35m1[38;2;24;27;34m10111000101111011110001101110100000
[38;2;24;27;34m000000111010101101011100110[38;2;39;42;49m1[38;2;49;52;58m0[38;2;57;59;65m1[38;2;102;104;108m1[38;2;120;122;126m0[38;2;150;151;154m0[38;2;157;159;161m1[38;2;96;97;102m0[38;2;29;29;36m0[38;2;32;30;37m0[38;2;24;27;34m1010000000001000100011110000101010
[38;2;24;27;34m0000010000001000010011000[38;2;30;33;39m0[38;2;140;141;144m0[38;2;232;232;233m0[38;2;249;249;249m1[38;2;250;250;250m1[38;2;225;226;226m1[38;2;170;171;173m0[38;2;198;199;200m0[38;2;202;202;204m0[38;2;55;57;63m0[38;2;24;27;34m0[38;2;28;28;35m0[38;2;26;28;35m0[38;2;24;27;34m101111110111011111111001111010011
[38;2;24;27;34m001010001110011100011110[38;2;30;29;36m1[38;2;81;45;51m1[38;2;157;76;81m1[38;2;122;96;100m1[38;2;195;195;197m1[38;2;252;252;252m1[38;2;255;255;255m0[38;2;234;235;235m1[38;2;94;97;101m0[38;2;33;36;42m1[38;2;24;27;34m1110010000001001001111111111101001010
[38;2;24;27;34m10111110000011110011[38;2;25;27;34m1[38;2;31;29;36m0[38;2;67;40;47m1[38;2;123;58;63m0[38;2;164;71;75m1[38;2;142;64;69m0[38;2;99;51;56m1[38;2;72;43;49m1[38;2;48;49;55m1[38;2;152;153;156m1[38;2;119;121;125m0[38;2;63;65;71m1[38;2;24;27;34m011100000000101010110100000110011000111
[38;2;24;27;34m100011010100011000[38;2;36;31;38m1[38;2;73;43;49m0[38;2;120;57;62m1[38;2;144;65;69m0[38;2;122;57;63m0[38;2;72;43;48m1[38;2;32;30;36m0[38;2;24;27;34m0010110101110111110100001010000000111111000010
[38;2;24;27;34m010111100000011[38;2;28;28;35m1[38;2;73;42;48m0[38;2;119;57;63m0[38;2;120;57;62m0[38;2;92;48;54m0[38;2;54;36;43m0[38;2;30;29;36m1[38;2;24;27;34m100100101101110010110001110110110[38;2;28;31;38m10[38;2;24;27;34m10101110010011
[38;2;24;27;34m110110000110[38;2;35;30;37m0[38;2;59;38;44m0[38;2;91;48;54m1[38;2;102;52;57m1[38;2;66;40;46m0[38;2;30;29;36m0[38;2;25;27;34m0[38;2;24;27;34m011101011001011100000001011110011[38;2;25;28;35m1[38;2;33;36;42m0[38;2;41;44;50m1[38;2;31;34;41m1[38;2;24;27;34m010101010001011
[38;2;24;27;34m1101001011[38;2;27;28;35m0[38;2;54;36;42m1[38;2;58;37;44m1[38;2;47;34;41m0[38;2;27;28;35m1[38;2;24;27;34m011101000010101000110011111111100000[38;2;37;40;46m0[38;2;53;56;61m1[38;2;41;44;50m0[38;2;26;28;35m1[38;2;24;27;34m0001000100000110
[38;2;24;27;34m01110001011[38;2;25;27;34m0[38;2;24;27;34m001001011000000010111000010111110001[38;2;26;29;36m0[38;2;39;42;48m1[38;2;68;70;75m0[38;2;52;55;60m0[38;2;28;31;37m0[38;2;24;27;34m001111010001111001
[38;2;24;27;34m100101011000101101100010000111100011110111111100[38;2;48;50;56m1[38;2;87;89;94m1[38;2;30;32;39m1[38;2;24;27;34m11000001001001000011
[38;2;24;27;34m10110011001101111111111110010100000000101011100101011101010011011110010
[0m
