[38;2;24;27;34m01110110001011100100100100000011001100110011001010000101100110000000111
[38;2;24;27;34m10101110101000100010110000011100011011001011101001100110000011000011100
[38;2;24;27;34m01011000111111111110110101001111000011111100100010010001011011000101101
[38;2;24;27;34m10010110100111110010110001011101011110001101010010100001011110000111100
[38;2;24;27;34m00101110000011011110100100001010010001[38;2;26;28;35m0[38;2;25;28;34m1[38;2;24;27;34m0000101101010101111010111000000
[38;2;24;27;34m11011110010111010110000101010010000[38;2;31;34;41m0[38;2;65;67;73m1[38;2;119;120;124m0[38;2;149;149;153m0[38;2;53;56;62m1[38;2;24;27;34m0000000101011010011000011011101
[38;2;24;27;34m110111100101001000101010111110010[38;2;54;56;62m0[38;2;122;124;128m1[38;2;146;147;150m1[38;2;121;122;126m1[38;2;68;71;76m1[38;2;32;35;41m1[38;2;24;27;34m01001110010100011110011011011011
[38;2;24;27;34m11100101101000000110111011101[38;2;25;28;35m0[38;2;43;46;52m1[38;2;96;98;103m1[38;2;145;147;150m0[38;2;123;124;128m1[38;2;58;60;66m1[38;2;29;32;39m1[38;2;24;27;34m00010011100001100101100110110101111
[38;2;24;27;34m111110101101111111000110111[38;2;29;32;39m1[38;2;77;79;85m1[38;2;124;126;129m0[38;2;123;125;128m0[38;2;75;77;82m1[38;2;29;32;39m1[38;2;24;27;34m10011110000011000001110000101001111110
[38;2;24;27;34m111110110010100001101010[38;2;25;28;35m1[38;2;40;43;49m1[38;2;107;109;113m1[38;2;128;130;134m1[38;2;84;86;91m0[38;2;40;42;49m0[38;2;25;28;35m0[38;2;40;43;49m1[38;2;130;132;136m1[38;2;73;76;81m0[38;2;24;27;34m1101010111[38;2;25;28;35m1[38;2;28;31;38m0[38;2;34;37;44m1[38;2;60;63;68m1[38;2;74;76;81m0[38;2;24;27;34m1010010011110110001001
[38;2;24;27;34m1000010110100100011100[38;2;30;33;40m0[38;2;69;72;78m1[38;2;112;114;118m0[38;2;111;112;117m0[38;2;47;50;56m0[38;2;24;27;34m00[38;2;40;43;49m0[38;2;115;117;122m0[38;2;169;170;172m1[38;2;86;88;93m0[38;2;25;28;35m0[38;2;24;27;34m01000[38;2;28;31;38m1[38;2;44;47;54m0[38;2;66;69;74m1[38;2;91;93;98m0[38;2;113;115;119m1[38;2;130;131;135m0[38;2;135;136;140m1[38;2;132;133;137m0[38;2;108;110;114m1[38;2;72;74;80m0[38;2;24;27;34m0110011000001111111110
[38;2;24;27;34m00110011001110001101[38;2;35;38;45m0[38;2;94;96;101m1[38;2;109;111;115m0[38;2;74;76;82m1[38;2;34;37;44m0[38;2;24;27;34m01[38;2;30;33;40m1[38;2;109;111;115m1[38;2;155;156;158m0[38;2;92;94;99m1[38;2;31;34;41m0[38;2;24;27;34m111[38;2;37;40;46m1[38;2;75;78;83m0[38;2;110;112;116m0[38;2;119;121;125m1[38;2;120;122;126m0[38;2;108;110;114m0[38;2;89;91;96m1[38;2;66;69;74m1[38;2;46;49;55m1[38;2;30;33;40m1[38;2;24;27;34m10100100100101001000001011
[38;2;24;27;34m01110000001101010[38;2;28;31;38m0[38;2;55;58;64m0[38;2;98;100;105m1[38;2;97;99;104m1[38;2;41;44;50m0[38;2;25;28;35m1[38;2;24;27;34m11[38;2;38;41;48m1[38;2;99;100;105m0[38;2;150;151;155m1[38;2;82;84;89m1[38;2;33;36;42m0[38;2;42;45;51m1[38;2;62;64;69m1[38;2;92;95;99m1[38;2;111;113;117m1[38;2;115;117;120m1[38;2;104;106;110m1[38;2;67;70;75m1[38;2;36;39;46m1[38;2;28;31;38m1[38;2;25;28;35m1[38;2;24;27;34m0101001111101010110011111011001
[38;2;24;27;34m001001000111010[38;2;33;36;42m0[38;2;75;77;82m1[38;2;91;93;98m0[38;2;69;72;77m0[38;2;30;33;40m0[38;2;24;27;34m111[38;2;42;45;51m1[38;2;106;108;112m0[38;2;132;133;137m1[38;2;106;108;112m0[38;2;83;85;90m0[38;2;94;97;101m0[38;2;99;101;106m1[38;2;88;91;96m0[38;2;71;74;79m1[38;2;42;45;51m1[38;2;26;29;35m0[38;2;24;27;34m0110111011111011001010101011010010100
[38;2;24;27;34m000111101101[38;2;26;29;36m0[38;2;43;46;52m1[38;2;83;85;90m0[38;2;81;83;88m1[38;2;43;45;52m0[38;2;26;29;36m1[38;2;24;27;34m10[38;2;26;29;36m0[38;2;50;52;59m1[38;2;132;134;137m0[38;2;172;173;176m0[38;2;124;125;129m1[38;2;95;97;102m1[38;2;68;71;76m0[38;2;44;46;53m0[38;2;32;35;41m0[38;2;25;28;35m0[38;2;24;27;34m01001011100110001101011001111111111010101
[38;2;24;27;34m0000000011[38;2;31;34;41m0[38;2;58;60;66m1[38;2;75;78;83m0[38;2;64;66;72m1[38;2;27;30;37m1[38;2;24;27;34m10[38;2;32;35;41m0[38;2;58;60;66m1[38;2;97;99;103m1[38;2;111;113;118m0[38;2;109;111;116m1[38;2;69;71;76m1[38;2;31;34;41m0[38;2;24;27;34m11101010011101110101110001011110100010111011011
[38;2;24;27;34m01011101[38;2;38;40;47m1[38;2;65;68;73m0[38;2;63;65;71m1[38;2;41;44;50m1[38;2;25;28;35m1[38;2;24;27;34m0[38;2;41;43;49m0[38;2;69;72;77m1[38;2;88;90;95m0[38;2;138;139;142m0[38;2;122;124;128m0[38;2;69;71;77m0[38;2;30;33;39m0[38;2;24;27;34m00000011000110000000101000010111110101101011101000
[38;2;24;27;34m11000[38;2;31;33;40m1[38;2;48;51;57m1[38;2;62;64;70m0[38;2;50;53;59m1[38;2;27;30;37m1[38;2;35;38;44m1[38;2;49;52;58m1[38;2;64;67;72m1[38;2;77;79;84m1[38;2;91;93;98m0[38;2;93;95;100m1[38;2;82;84;90m1[38;2;32;34;41m0[38;2;24;27;34m01001100000011111100110100110001001001110100100101010
[38;2;24;27;34m011[38;2;39;42;49m0[38;2;52;55;61m0[38;2;52;54;60m0[38;2;38;41;48m1[38;2;45;47;54m1[38;2;53;55;61m0[38;2;57;59;65m1[38;2;50;53;59m1[38;2;65;68;74m0[38;2;74;76;81m0[38;2;73;75;80m0[38;2;51;54;59m0[38;2;25;28;35m0[38;2;24;27;34m1010111111111110011011100000010000111100010000101111110
[38;2;28;30;37m1[38;2;43;46;52m0[38;2;51;54;59m0[38;2;43;46;52m1[38;2;48;51;57m1[38;2;52;54;61m0[38;2;51;53;60m1[38;2;37;40;47m1[38;2;41;44;50m0[38;2;65;68;73m1[38;2;71;73;79m0[38;2;48;50;56m0[38;2;29;32;39m0[38;2;24;27;34m1101001011010110110110001010111011110101010010011100101010
[38;2;49;52;58m0[38;2;44;47;53m1[38;2;45;47;53m0[38;2;42;46;51m1[38;2;29;32;39m0[38;2;38;41;47m0[38;2;53;55;61m1[38;2;60;62;68m0[38;2;52;54;60m0[38;2;27;30;37m1[38;2;24;27;34m0110011111111110101000101101010100011111001101011110100000100
[38;2;32;35;41m0[38;2;27;29;36m0[38;2;31;34;41m1[38;2;53;56;61m1[38;2;56;58;64m1[38;2;43;46;53m0[38;2;31;34;41m0[38;2;24;27;34m1111010110001001111111100111001010011000010111000001011011000000
[0m
