[38;2;24;27;34m01111011010100001101010010010100011000011110101110111000011110011110000
[38;2;24;27;34m00110000011100110010011100000000011111110001001011100101110011011010110
[38;2;24;27;34m10110011001101011100100110111000011110111000110010010001111011011101101
[38;2;24;27;34m11110110101000101110010101100100110010000010001000010001100010101100111
[38;2;24;27;34m00110010001101110100111110101010010000[38;2;26;29;35m1[38;2;40;43;49m0[38;2;96;98;103m0[38;2;114;116;119m1[38;2;27;30;36m0[38;2;24;27;34m1111111111101101101110110110
[38;2;24;27;34m10010011111111101000000000011101100[38;2;32;35;41m1[38;2;64;67;72m0[38;2;112;114;119m0[38;2;147;148;151m1[38;2;140;143;146m1[38;2;86;88;94m1[38;2;35;38;44m1[38;2;24;27;34m01100010111110110000011001010
[38;2;24;27;34m11010111101000111111110111001010[38;2;25;28;35m0[38;2;62;65;71m0[38;2;123;124;128m1[38;2;137;138;142m1[38;2;110;111;116m1[38;2;64;66;72m1[38;2;31;34;40m0[38;2;24;27;34m11010011111101000110001101001110
[38;2;24;27;34m10010100000101111011001000101[38;2;27;30;37m0[38;2;51;54;60m1[38;2;105;107;112m1[38;2;137;139;142m1[38;2;104;106;110m1[38;2;45;48;54m0[38;2;27;30;37m1[38;2;24;27;34m01010000111101111111100010110101111
[38;2;24;27;34m010111111100001011101001001[38;2;38;40;47m1[38;2;89;91;96m0[38;2;120;121;126m0[38;2;106;107;111m1[38;2;55;58;63m1[38;2;44;47;53m1[38;2;122;124;127m1[38;2;50;53;59m1[38;2;24;27;34m001010111001011001011010001101101100
[38;2;24;27;34m001110111100001001000110[38;2;27;30;37m1[38;2;56;59;65m0[38;2;114;116;120m0[38;2;108;110;115m1[38;2;61;63;69m0[38;2;31;34;41m1[38;2;30;33;40m1[38;2;105;106;111m1[38;2;177;178;179m0[38;2;90;92;97m0[38;2;29;32;39m0[38;2;24;27;34m01000000101[38;2;26;29;36m0[38;2;29;32;39m1[38;2;34;37;43m0[38;2;59;61;67m1[38;2;89;91;96m1[38;2;113;115;119m0[38;2;48;51;57m0[38;2;24;27;34m100000100100000101
[38;2;24;27;34m1000110001100001101101[38;2;40;43;49m0[38;2;81;83;88m0[38;2;108;110;114m0[38;2;85;87;91m1[38;2;29;32;39m0[38;2;24;27;34m1[38;2;29;32;38m0[38;2;85;87;92m0[38;2;159;160;163m1[38;2;110;111;116m1[38;2;29;32;39m1[38;2;24;27;34m1101011[38;2;25;28;35m1[38;2;35;38;45m0[38;2;53;56;62m0[38;2;74;77;82m0[38;2;96;98;103m1[38;2;115;117;121m0[38;2;128;129;133m1[38;2;130;131;135m1[38;2;127;129;132m0[38;2;104;107;111m0[38;2;77;79;85m1[38;2;49;52;58m0[38;2;26;29;36m1[38;2;24;27;34m011110010110110100
[38;2;24;27;34m00110101111000111110[38;2;53;56;62m1[38;2;96;98;103m1[38;2;88;89;95m0[38;2;51;54;60m0[38;2;26;29;36m0[38;2;24;27;34m00[38;2;68;71;76m1[38;2;147;149;152m1[38;2;110;112;116m0[38;2;40;43;49m0[38;2;24;27;34m11100[38;2;32;35;41m0[38;2;65;68;73m0[38;2;100;101;106m1[38;2;112;114;118m0[38;2;116;118;122m1[38;2;110;112;116m0[38;2;94;95;101m1[38;2;75;77;82m1[38;2;56;58;64m1[38;2;39;42;48m1[38;2;27;30;37m1[38;2;24;27;34m010111100011010010000111
[38;2;24;27;34m10111001101010000[38;2;34;37;44m0[38;2;67;69;75m1[38;2;93;95;100m0[38;2;68;70;75m0[38;2;28;31;38m0[38;2;24;27;34m00[38;2;27;30;37m1[38;2;65;68;74m0[38;2;133;135;139m1[38;2;109;111;115m1[38;2;34;37;44m1[38;2;24;27;34m0[38;2;29;32;39m0[38;2;42;45;51m1[38;2;59;61;67m1[38;2;88;90;96m1[38;2;103;105;110m1[38;2;107;109;113m1[38;2;102;104;108m1[38;2;70;73;78m1[38;2;39;41;48m1[38;2;29;32;39m0[38;2;26;29;36m1[38;2;24;27;34m000001001001011011010101110001
[38;2;24;27;34m100000011111101[38;2;45;47;54m0[38;2;74;77;82m1[38;2;76;78;83m0[38;2;46;49;55m0[38;2;25;28;35m0[38;2;24;27;34m11[38;2;26;29;36m1[38;2;73;75;80m1[38;2;118;120;124m0[38;2;97;99;103m0[38;2;43;46;52m1[38;2;59;62;68m0[38;2;78;80;85m1[38;2;89;91;96m0[38;2;90;93;97m0[38;2;81;83;88m0[38;2;65;68;74m1[38;2;38;41;48m1[38;2;25;28;35m1[38;2;24;27;34m000100111011011111000010000011101011
[38;2;24;27;34m100100111110[38;2;28;30;37m0[38;2;53;56;62m0[38;2;73;75;80m0[38;2;56;59;65m1[38;2;31;34;41m1[38;2;24;27;34m110[38;2;30;33;40m1[38;2;79;81;86m1[38;2;123;125;129m1[38;2;111;113;117m0[38;2;90;92;97m0[38;2;85;86;92m0[38;2;80;82;87m1[38;2;53;56;62m0[38;2;38;41;48m1[38;2;29;32;38m0[38;2;24;27;34m00011011100101101100001101001110111001100
[38;2;24;27;34m1000011011[38;2;37;40;46m1[38;2;56;59;65m1[38;2;62;64;70m0[38;2;39;42;49m1[38;2;24;27;34m010[38;2;26;29;36m0[38;2;46;49;55m1[38;2;88;90;95m0[38;2;134;136;139m0[38;2;109;110;114m1[38;2;70;72;77m0[38;2;44;47;53m1[38;2;25;28;35m1[38;2;24;27;34m1011101011110101101111011110110110001111100000
[38;2;24;27;34m10100110[38;2;46;49;55m1[38;2;57;60;66m0[38;2;47;50;56m0[38;2;30;33;40m1[38;2;24;27;34m01[38;2;29;31;38m1[38;2;55;57;63m0[38;2;91;92;97m0[38;2;120;122;125m0[38;2;84;85;90m1[38;2;47;49;56m0[38;2;27;30;37m0[38;2;24;27;34m01011011010110011110111110100001100000100001001101
[38;2;24;27;34m1110[38;2;25;27;34m1[38;2;31;34;41m1[38;2;45;48;54m0[38;2;51;54;59m1[38;2;34;36;43m1[38;2;25;28;35m1[38;2;31;34;40m1[38;2;40;42;49m0[38;2;55;57;63m1[38;2;70;72;77m1[38;2;94;96;100m0[38;2;86;88;93m0[38;2;56;58;64m0[38;2;26;29;35m1[38;2;24;27;34m00100000101001101101110100100111111000110001110111110
[38;2;24;27;34m10[38;2;25;28;35m1[38;2;35;38;44m1[38;2;41;44;50m1[38;2;38;40;47m1[38;2;28;31;37m0[38;2;35;38;44m0[38;2;43;46;51m0[38;2;48;51;57m1[38;2;47;49;55m0[38;2;66;68;74m1[38;2;67;69;74m1[38;2;60;62;68m0[38;2;36;39;46m0[38;2;24;27;34m01000010111111000101100100100110001000001010011100110111
[38;2;27;30;36m1[38;2;34;37;43m0[38;2;36;39;45m0[38;2;30;33;40m0[38;2;34;37;43m0[38;2;39;42;48m1[38;2;41;43;49m0[38;2;35;38;44m0[38;2;42;45;51m0[38;2;59;62;68m0[38;2;59;62;67m0[38;2;36;39;45m1[38;2;26;29;36m0[38;2;24;27;34m1001011100101011110010010001000111011111110110100001110110
[38;2;33;36;42m1[38;2;31;34;41m1[38;2;34;36;42m0[38;2;33;36;42m0[38;2;28;31;38m1[38;2;35;38;44m0[38;2;47;49;56m0[38;2;50;52;58m0[38;2;42;45;51m0[38;2;25;28;34m0[38;2;24;27;34m0101101111010001101101101010101111110100000000010010110011111
[38;2;28;31;37m0[38;2;25;29;35m1[38;2;29;32;39m1[38;2;40;43;49m0[38;2;42;45;51m0[38;2;35;38;44m0[38;2;28;31;37m0[38;2;24;27;34m1000001110100011011010111000001111010011010110011110110010100001
[0m
