[38;2;24;27;34m00101111011110010111000001010001001100110110101101010001010001100110001
[38;2;24;27;34m01010101111110110110101100000011000110000010011000010100110000011101000
[38;2;24;27;34m00111010001100111101111110110000101100101001010000001111100000001110110
[38;2;24;27;34m101010011011001011111011111010001100100110[38;2;25;28;35m1[38;2;37;40;47m1[38;2;34;37;44m1[38;2;24;27;34m01011111011001001001000011
[38;2;24;27;34m10001100011111001101101111100100000011[38;2;25;28;35m1[38;2;31;34;40m1[38;2;73;75;81m0[38;2;127;129;133m0[38;2;151;153;156m1[38;2;140;141;145m1[38;2;70;72;78m1[38;2;24;27;34m01101111011001001000001111
[38;2;24;27;34m11010101110101011100010011011000000[38;2;31;33;40m0[38;2;60;62;68m0[38;2;102;103;108m1[38;2;135;136;140m1[38;2;139;140;144m1[38;2;100;101;106m1[38;2;47;50;56m0[38;2;24;27;34m01110001001001001001001010000
[38;2;24;27;34m11010110001100111101100011011100[38;2;25;28;35m1[38;2;66;69;74m0[38;2;118;120;124m0[38;2;127;129;133m1[38;2;103;105;109m0[38;2;63;66;72m1[38;2;32;35;41m0[38;2;24;27;34m10011010001001100000001100110011
[38;2;24;27;34m01011000010001010100001010110[38;2;30;33;40m1[38;2;56;59;65m0[38;2;108;110;114m0[38;2;127;128;132m1[38;2;115;118;121m1[38;2;102;104;109m0[38;2;30;33;40m1[38;2;24;27;34m11000101111100000100100101100000010
[38;2;24;27;34m101110100101110001110010010[38;2;47;50;57m1[38;2;94;96;100m0[38;2;111;112;117m1[38;2;89;91;96m1[38;2;50;52;58m0[38;2;116;118;122m1[38;2;173;174;177m0[38;2;84;86;91m0[38;2;26;29;36m1[38;2;24;27;34m10100000011100001100010001101111001
[38;2;24;27;34m100001001011001100001110[38;2;30;33;39m1[38;2;74;76;81m0[38;2;107;109;113m0[38;2;86;90;94m0[38;2;46;49;55m0[38;2;28;31;38m1[38;2;75;77;83m1[38;2;167;168;171m1[38;2;107;108;113m0[38;2;34;36;43m0[38;2;24;27;34m10000001010011[38;2;26;28;35m0[38;2;28;31;38m1[38;2;32;34;41m1[38;2;48;51;57m0[38;2;75;77;82m0[38;2;101;104;108m1[38;2;125;126;130m1[38;2;54;57;63m0[38;2;24;27;34m111000100101010
[38;2;24;27;34m010000010000001111010[38;2;25;28;35m0[38;2;51;53;60m1[38;2;86;88;93m1[38;2;95;97;102m1[38;2;56;59;65m0[38;2;24;27;34m00[38;2;59;61;68m1[38;2;139;141;144m0[38;2;126;127;131m1[38;2;36;39;46m1[38;2;24;27;34m0010111000[38;2;27;30;37m0[38;2;39;42;49m1[38;2;58;60;66m0[38;2;76;78;84m0[38;2;94;97;102m1[38;2;112;114;118m0[38;2;123;125;128m0[38;2;126;128;131m0[38;2;125;127;131m0[38;2;111;113;118m1[38;2;87;89;94m0[38;2;62;65;71m0[38;2;39;42;48m1[38;2;25;28;35m0[38;2;24;27;34m011101111001000
[38;2;24;27;34m1011110101011001100[38;2;27;30;37m0[38;2;69;71;77m1[38;2;87;89;94m0[38;2;66;69;74m1[38;2;35;38;45m0[38;2;24;27;34m00[38;2;40;43;49m1[38;2;127;128;132m0[38;2;123;124;128m1[38;2;50;53;59m1[38;2;24;27;34m0000101[38;2;26;29;36m1[38;2;50;53;59m0[38;2;85;87;92m0[38;2;103;105;109m1[38;2;108;110;114m1[38;2;110;112;116m0[38;2;101;103;107m1[38;2;85;88;93m0[38;2;69;71;77m0[38;2;52;55;61m0[38;2;37;40;47m0[38;2;27;30;37m0[38;2;24;27;34m1111000101001011010011
[38;2;24;27;34m0011101000010100[38;2;25;28;35m0[38;2;40;43;49m0[38;2;71;73;78m1[38;2;79;80;86m0[38;2;41;44;50m1[38;2;25;28;35m1[38;2;24;27;34m11[38;2;42;45;52m1[38;2;106;108;112m0[38;2;124;125;129m0[38;2;46;49;55m0[38;2;25;28;35m0[38;2;24;27;34m11[38;2;29;32;39m1[38;2;40;43;49m1[38;2;53;56;62m0[38;2;80;83;88m0[38;2;96;97;102m1[38;2;100;102;106m0[38;2;100;102;107m1[38;2;78;80;85m0[38;2;46;49;55m1[38;2;30;33;40m0[38;2;27;30;37m1[38;2;25;28;35m0[38;2;24;27;34m1010100001000111001111000010
[38;2;24;27;34m11000100101001[38;2;27;30;36m1[38;2;52;55;61m1[38;2;65;68;74m0[38;2;57;59;65m1[38;2;30;33;39m0[38;2;24;27;34m101[38;2;42;45;51m1[38;2;98;100;104m1[38;2;105;107;111m1[38;2;52;54;60m1[38;2;24;27;34m0[38;2;34;37;44m1[38;2;60;62;68m1[38;2;72;74;79m0[38;2;82;85;90m0[38;2;83;86;90m0[38;2;74;76;82m0[38;2;62;65;70m0[38;2;39;42;48m1[38;2;25;28;35m1[38;2;24;27;34m00110110111010011101010110010111010
[38;2;24;27;34m00100001100[38;2;25;28;34m1[38;2;31;34;41m1[38;2;57;60;66m0[38;2;60;62;69m0[38;2;38;41;47m0[38;2;25;28;35m1[38;2;24;27;34m11[38;2;25;28;35m0[38;2;42;45;51m1[38;2;98;100;104m0[38;2;97;99;103m0[38;2;54;56;62m0[38;2;64;67;72m1[38;2;73;76;81m0[38;2;75;78;83m1[38;2;69;71;76m0[38;2;45;48;54m0[38;2;36;39;45m0[38;2;27;30;37m1[38;2;24;27;34m0011110010100000001100100000101100101110
[38;2;24;27;34m101001010[38;2;26;29;36m1[38;2;38;41;47m1[38;2;51;54;60m0[38;2;50;52;58m0[38;2;27;30;37m1[38;2;24;27;34m001[38;2;27;30;36m1[38;2;60;63;68m0[38;2;104;106;110m1[38;2;109;111;115m1[38;2;68;71;76m0[38;2;61;64;70m0[38;2;57;60;66m0[38;2;31;34;41m0[38;2;24;27;34m0101000010110000100101111010101100101101111011
[38;2;24;27;34m1000010[38;2;26;29;36m0[38;2;40;42;49m0[38;2;43;46;52m1[38;2;35;38;44m0[38;2;25;28;35m1[38;2;24;27;34m100[38;2;43;45;52m0[38;2;81;83;88m1[38;2;83;85;90m1[38;2;76;78;83m1[38;2;45;48;54m0[38;2;31;34;41m0[38;2;24;27;34m10011011011000001011110111100111001100111100111001
[38;2;24;27;34m1011[38;2;25;28;35m1[38;2;29;32;39m0[38;2;34;37;44m0[38;2;36;38;44m0[38;2;25;28;35m1[38;2;24;27;34m0[38;2;27;29;36m0[38;2;31;34;40m1[38;2;43;46;52m0[38;2;62;64;69m0[38;2;88;90;94m0[38;2;77;79;84m1[38;2;33;36;43m0[38;2;24;27;34m101001110100100100100111100111010011001111010011010010
[38;2;24;27;34m00[38;2;26;29;36m1[38;2;31;34;40m1[38;2;32;35;41m1[38;2;28;31;38m0[38;2;24;27;34m0[38;2;28;31;37m1[38;2;32;35;42m0[38;2;35;38;44m0[38;2;42;44;50m1[38;2;60;63;68m00[38;2;48;51;57m0[38;2;27;30;37m1[38;2;24;27;34m10101011101111111101011010000010001011111000011011011000
[38;2;25;28;35m1[38;2;28;31;37m0[38;2;28;31;38m1[38;2;26;29;36m0[38;2;28;32;38m1[38;2;33;35;41m10[38;2;31;34;40m0[38;2;39;41;48m1[38;2;48;50;56m1[38;2;46;49;55m1[38;2;30;33;40m0[38;2;24;27;34m10111101110011000110111110001011110010110011111010011001010
[38;2;25;29;35m1[38;2;26;29;35m0[38;2;27;30;37m0[38;2;29;31;38m0[38;2;27;30;37m0[38;2;30;33;40m1[38;2;36;38;45m1[38;2;38;41;47m0[38;2;31;34;41m0[38;2;24;27;34m11101011111110011000010001100001010110010101000011001010100100
[38;2;25;28;35m1[38;2;25;28;34m0[38;2;28;31;38m0[38;2;34;36;43m0[38;2;33;36;42m1[38;2;29;32;38m0[38;2;25;28;35m1[38;2;24;27;34m0010111010011100101000000101001100000110011111111001001001011000
[0m
