[38;2;24;27;34m10110101000000110000100100010010011010001111110001001000100000111111101
[38;2;24;27;34m00110001110010111101100110000111100111101001100101110000010110001110111
[38;2;24;27;34m01011010010011011011100111001000110101100010110010000101100110010111001
[38;2;24;27;34m1011001100100100011101011101010010111001010[38;2;25;28;35m1[38;2;37;40;46m1[38;2;63;65;71m1[38;2;84;86;92m0[38;2;36;39;45m0[38;2;24;27;34m11010011110010100101010
[38;2;24;27;34m000110010010001101001111110000011010111[38;2;26;29;36m1[38;2;44;47;53m0[38;2;92;94;99m0[38;2;134;136;139m1[38;2;144;145;148m1[38;2;133;135;138m1[38;2;110;112;116m1[38;2;81;84;89m1[38;2;32;35;42m1[38;2;24;27;34m00111010111000001111011
[38;2;24;27;34m10110111111111001110001011001101000[38;2;28;31;38m1[38;2;51;54;60m1[38;2;86;89;94m1[38;2;121;122;126m1[38;2;132;134;138m1[38;2;117;119;123m0[38;2;72;75;80m0[38;2;32;35;41m0[38;2;24;27;34m1100010001011010100000001010
[38;2;24;27;34m00001000011110110000110000011011[38;2;25;28;35m1[38;2;64;66;72m1[38;2;125;126;130m0[38;2;128;130;134m0[38;2;101;102;107m0[38;2;68;70;76m0[38;2;36;39;46m0[38;2;24;27;34m01110000011011010011110011010001
[38;2;24;27;34m00111000110011001010100000111[38;2;32;35;42m1[38;2;59;61;68m1[38;2;105;107;111m1[38;2;129;131;134m0[38;2;191;191;193m0[38;2;183;184;186m1[38;2;55;58;64m1[38;2;24;27;34m10000011000111011110001001001000110
[38;2;24;27;34m11101100101111110011001111[38;2;25;28;35m1[38;2;58;60;66m0[38;2;91;93;98m0[38;2;99;101;105m0[38;2;79;81;86m1[38;2;99;102;106m1[38;2;168;170;173m0[38;2;97;99;104m0[38;2;28;31;38m0[38;2;24;27;34m000111011100011100001110001011010010
[38;2;24;27;34m11110101101001000100100[38;2;25;28;35m0[38;2;34;37;44m0[38;2;82;84;89m0[38;2;95;97;102m0[38;2;68;70;75m0[38;2;38;41;47m0[38;2;53;55;61m0[38;2;150;152;154m0[38;2;120;122;126m1[38;2;38;41;48m1[38;2;24;27;34m01010011000001001[38;2;25;28;35m0[38;2;27;30;37m1[38;2;29;32;39m0[38;2;33;36;43m1[38;2;52;54;60m1[38;2;76;78;83m0[38;2;99;100;105m1[38;2;110;112;116m0[38;2;35;38;44m0[38;2;24;27;34m100011111101
[38;2;24;27;34m001101001110011010010[38;2;30;33;40m0[38;2;57;60;66m0[38;2;82;84;90m0[38;2;79;81;86m0[38;2;36;38;45m1[38;2;24;27;34m1[38;2;40;43;50m1[38;2;116;118;122m1[38;2;135;137;140m0[38;2;46;48;54m0[38;2;24;27;34m1100100011101[38;2;28;31;37m1[38;2;40;42;49m0[38;2;56;58;64m1[38;2;72;74;80m1[38;2;89;91;96m1[38;2;106;108;112m0[38;2;118;120;124m1[38;2;123;125;129m000[38;2;108;109;114m1[38;2;85;87;92m0[38;2;65;67;73m0[38;2;44;47;53m1[38;2;25;27;34m0[38;2;24;27;34m011111101010
[38;2;24;27;34m0111011101101010010[38;2;35;38;45m1[38;2;69;71;77m1[38;2;72;74;80m0[38;2;50;52;58m1[38;2;27;30;37m0[38;2;24;27;34m1[38;2;27;30;37m1[38;2;96;99;103m0[38;2;128;129;133m1[38;2;62;65;70m0[38;2;25;28;35m0[38;2;24;27;34m100011101[38;2;33;35;42m0[38;2;62;65;71m0[38;2;90;93;98m0[38;2;99;101;106m1[38;2;104;106;111m0[38;2;106;107;112m1[38;2;96;98;102m0[38;2;83;84;90m0[38;2;69;71;77m1[38;2;55;57;63m1[38;2;40;43;50m1[38;2;29;32;39m1[38;2;25;28;35m0[38;2;24;27;34m1011001010111001011
[38;2;24;27;34m1110011101000100[38;2;28;31;38m1[38;2;46;49;55m0[38;2;66;69;74m1[38;2;58;61;67m1[38;2;28;31;38m0[38;2;24;27;34m01[38;2;30;33;40m1[38;2;75;78;83m1[38;2;121;123;126m0[38;2;63;66;72m0[38;2;26;29;36m1[38;2;24;27;34m0101[38;2;27;30;37m0[38;2;38;40;47m1[38;2;47;50;56m0[38;2;68;71;76m1[38;2;87;89;94m1[38;2;92;94;99m0[38;2;95;97;101m1[38;2;89;91;96m1[38;2;61;64;70m0[38;2;36;38;45m0[38;2;29;32;39m1[38;2;26;29;36m0[38;2;24;27;34m001111111111010100100111001
[38;2;24;27;34m11110101101100[38;2;32;35;42m1[38;2;51;54;60m0[38;2;57;59;65m0[38;2;42;45;51m0[38;2;25;28;35m0[38;2;24;27;34m01[38;2;26;29;36m0[38;2;73;75;81m0[38;2;101;103;108m0[38;2;67;70;75m1[38;2;26;29;36m0[38;2;24;27;34m01[38;2;34;37;44m0[38;2;56;59;64m0[38;2;65;67;73m0[38;2;75;77;82m1[38;2;76;79;84m0[38;2;70;72;78m1[38;2;62;64;70m1[38;2;43;46;52m1[38;2;27;30;37m1[38;2;24;27;34m0000111011001111011110110101001000
[38;2;24;27;34m00011000010[38;2;25;28;35m1[38;2;34;37;43m0[38;2;47;50;56m1[38;2;44;47;53m0[38;2;29;32;39m0[38;2;24;27;34m101[38;2;29;32;38m0[38;2;67;70;75m1[38;2;93;95;100m1[38;2;56;58;64m0[38;2;31;34;41m0[38;2;38;41;47m1[38;2;60;62;68m0[38;2;65;67;73m1[38;2;67;69;75m0[38;2;60;62;68m0[38;2;41;44;50m0[38;2;34;37;44m1[38;2;27;30;36m1[38;2;24;27;34m111110010110001001001101001011000000001
[38;2;24;27;34m001001110[38;2;27;30;37m0[38;2;33;36;42m0[38;2;38;41;48m0[38;2;33;36;43m1[38;2;24;27;34m0100[38;2;35;38;44m0[38;2;65;67;72m1[38;2;87;89;94m1[38;2;64;66;72m1[38;2;52;54;60m1[38;2;56;58;64m0[38;2;55;57;63m0[38;2;46;49;55m1[38;2;27;29;36m1[38;2;24;27;34m101010110101001111100110010110010000100111111
[38;2;24;27;34m0010110[38;2;28;31;38m0[38;2;34;36;43m0[38;2;32;35;41m1[38;2;27;30;37m0[38;2;24;27;34m0110[38;2;38;41;47m1[38;2;79;80;86m0[38;2;81;83;88m1[38;2;59;62;67m0[38;2;40;43;49m1[38;2;35;38;44m1[38;2;26;29;36m0[38;2;24;27;34m0000101100110100000110011010000010001011011110101
[38;2;24;27;34m1110[38;2;24;28;34m1[38;2;26;29;36m0[38;2;28;32;38m0[38;2;27;30;37m0[38;2;24;27;34m11[38;2;25;28;35m1[38;2;27;30;37m0[38;2;35;37;44m0[38;2;52;54;60m0[38;2;67;70;75m0[38;2;54;56;62m1[38;2;26;29;36m1[38;2;24;27;34m011111010001101000101100110010101101001110101110000110
[38;2;24;27;34m000[38;2;24;28;34m1[38;2;25;28;35m11[38;2;24;27;34m0[38;2;25;28;35m0[38;2;26;30;36m1[38;2;29;32;38m1[38;2;38;41;47m1[38;2;48;50;56m0[38;2;47;49;55m1[38;2;36;38;45m0[38;2;24;27;34m110101111001110001011011111011101101100101111101100011100
[38;2;24;27;34m11111[38;2;25;28;35m10[38;2;28;30;37m0[38;2;34;37;43m1[38;2;37;40;46m0[38;2;33;35;42m1[38;2;26;29;36m0[38;2;24;27;34m00010101010011111101100100011101000101000001100011111101111
[38;2;24;27;34m0111[38;2;25;28;35m0[38;2;27;30;36m0[38;2;30;33;40m0[38;2;32;35;42m1[38;2;26;29;36m0[38;2;24;27;34m11111010101001001000100001001000011101011010110110110111101100
[38;2;24;27;34m10[38;2;25;28;34m1[38;2;26;28;35m1[38;2;26;29;35m1[38;2;25;28;35m1[38;2;24;27;34m10011100001010110111111011110111000110100111010000111111111111010
[0m
