[38;2;24;27;34m01010010111100011010001111010011100000001111101101011110111111100011000
[38;2;24;27;34m00010101010110000001010111110110011001011111101001011011111101011101110
[38;2;24;27;34m10001101011100010001000001101001110101011001111000110000100000100100000
[38;2;24;27;34m111100110010000010001000110000100000100110111[38;2;28;31;37m0[38;2;42;45;51m0[38;2;61;63;69m0[38;2;79;82;87m0[38;2;78;80;86m1[38;2;26;29;35m0[38;2;24;27;34m11111110000010011001
[38;2;24;27;34m011101111000011011110011011110111000111[38;2;25;28;35m0[38;2;27;30;37m0[38;2;49;51;58m0[38;2;92;94;99m0[38;2;128;129;133m0[38;2;136;137;141m0[38;2;135;136;140m1[38;2;123;124;128m1[38;2;105;107;112m0[38;2;89;92;96m0[38;2;63;66;72m0[38;2;25;28;35m1[38;2;24;27;34m10001001010111010000
[38;2;24;27;34m1001000001110000011010111001000101[38;2;25;28;35m1[38;2;27;30;37m0[38;2;41;44;50m0[38;2;69;71;77m1[38;2;101;103;107m0[38;2;121;123;127m0[38;2;124;126;129m0[38;2;105;107;111m0[38;2;64;67;72m1[38;2;31;34;40m0[38;2;24;27;34m011001001010011111010100011
[38;2;24;27;34m10011101110001001111010110010010[38;2;25;28;35m1[38;2;57;59;66m1[38;2;150;151;154m0[38;2;135;136;140m1[38;2;99;102;106m1[38;2;75;77;82m0[38;2;46;49;55m1[38;2;27;30;37m1[38;2;24;27;34m1110100100110101110011110100110
[38;2;24;27;34m10100010011000101111110001011[38;2;33;36;43m0[38;2;58;61;67m0[38;2;104;106;111m0[38;2;182;182;184m0[38;2;192;194;195m1[38;2;81;83;89m0[38;2;28;31;38m0[38;2;24;27;34m00001001110100000101110010000011011
[38;2;24;27;34m00100100111101101110001100[38;2;27;30;37m0[38;2;61;63;69m0[38;2;86;88;93m0[38;2;89;90;96m0[38;2;110;112;116m1[38;2;161;161;164m0[38;2;113;114;119m0[38;2;31;34;41m0[38;2;24;27;34m0100100101110011001010111100101111000
[38;2;24;27;34m10100101100010100011111[38;2;26;29;36m0[38;2;41;44;50m0[38;2;81;83;88m0[38;2;82;84;89m0[38;2;53;56;62m1[38;2;45;47;54m0[38;2;128;130;133m1[38;2;129;130;134m1[38;2;45;48;54m1[38;2;24;27;34m110111101110101011001[38;2;25;28;35m1[38;2;27;30;36m1[38;2;29;32;39m1[38;2;31;34;41m1[38;2;38;41;47m0[38;2;55;58;63m0[38;2;70;72;77m0[38;2;34;37;44m0[38;2;24;27;34m0101101011
[38;2;24;27;34m101101101000001101100[38;2;35;38;45m0[38;2;58;60;65m0[38;2;72;74;79m0[38;2;61;63;69m0[38;2;27;30;36m0[38;2;30;33;40m1[38;2;90;93;98m0[38;2;135;138;140m0[38;2;57;60;65m1[38;2;24;27;34m0100100101100000[38;2;26;29;36m0[38;2;35;38;44m1[38;2;50;52;58m1[38;2;64;66;72m1[38;2;78;81;86m1[38;2;93;95;100m1[38;2;109;110;115m0[38;2;119;121;125m0[38;2;122;124;127m0[38;2;124;126;129m1[38;2;126;128;131m1[38;2;119;121;125m0[38;2;108;109;114m1[38;2;91;93;98m1[38;2;40;42;49m0[38;2;24;27;34m1010101010
[38;2;24;27;34m1100011101011000010[38;2;46;49;55m0[38;2;63;65;71m0[38;2;57;59;65m1[38;2;37;40;46m1[38;2;24;27;34m01[38;2;66;68;74m1[38;2;122;124;128m0[38;2;74;77;82m1[38;2;27;30;37m0[38;2;24;27;34m00001100111[38;2;25;28;35m1[38;2;36;39;46m1[38;2;66;68;74m0[38;2;89;91;96m1[38;2;95;97;101m0[38;2;100;102;107m0[38;2;103;104;109m0[38;2;97;99;103m0[38;2;85;87;92m1[38;2;74;76;82m1[38;2;61;64;69m1[38;2;49;52;58m0[38;2;37;40;46m0[38;2;29;32;38m0[38;2;24;27;34m01011001000000011
[38;2;24;27;34m0001010011000111[38;2;30;33;39m0[38;2;47;50;56m0[38;2;57;59;65m1[38;2;39;42;49m1[38;2;26;28;35m0[38;2;24;27;34m0[38;2;25;28;35m0[38;2;52;54;61m0[38;2;106;108;112m1[38;2;80;82;88m1[38;2;27;30;37m0[38;2;24;27;34m010101[38;2;25;28;35m1[38;2;33;36;43m1[38;2;41;44;50m0[38;2;54;56;63m1[38;2;75;78;83m1[38;2;85;87;92m0[38;2;88;90;95m0[38;2;90;92;97m0[38;2;80;83;88m0[38;2;54;56;62m0[38;2;32;35;42m0[38;2;29;32;39m0[38;2;26;29;36m0[38;2;25;27;34m0[38;2;24;27;34m001011110011111010001010
[38;2;24;27;34m00101101100100[38;2;33;36;42m0[38;2;41;44;50m1[38;2;42;45;51m1[38;2;29;32;39m1[38;2;24;27;34m111[38;2;46;49;55m1[38;2;88;90;95m0[38;2;77;79;85m0[38;2;31;34;40m0[38;2;24;27;34m0111[38;2;32;35;41m1[38;2;50;53;59m0[38;2;58;60;66m1[38;2;66;69;74m1[38;2;71;73;79m1[38;2;66;68;74m0[38;2;61;64;69m1[38;2;50;53;59m1[38;2;31;34;41m1[38;2;24;27;34m101000101010011100000010100000100
[38;2;24;27;34m10001110101[38;2;25;28;35m0[38;2;34;37;43m0[38;2;36;39;45m0[38;2;30;33;40m0[38;2;25;28;35m1[38;2;24;27;34m11[38;2;25;28;35m1[38;2;40;43;49m1[38;2;79;81;86m1[38;2;66;69;74m1[38;2;31;34;41m1[38;2;25;28;35m1[38;2;28;31;37m0[38;2;39;42;48m1[38;2;55;57;63m0[38;2;58;60;66m1[38;2;59;61;67m0[38;2;53;56;62m0[38;2;38;41;47m1[38;2;34;36;43m1[38;2;27;30;37m0[38;2;24;27;34m00000010101101011000000110001010110101
[38;2;24;27;34m110011100[38;2;25;28;35m0[38;2;29;32;38m1[38;2;31;34;41m0[38;2;26;29;35m1[38;2;24;27;34m111[38;2;25;28;35m0[38;2;45;47;54m0[38;2;67;70;75m0[38;2;61;63;69m0[38;2;33;36;43m1[38;2;37;39;46m0[38;2;45;48;54m1[38;2;47;50;56m0[38;2;48;50;57m0[38;2;39;42;48m1[38;2;25;28;35m1[38;2;24;27;34m10001111101100101001001101101011001100000011
[38;2;24;27;34m1001010[38;2;24;28;34m0[38;2;25;28;35m01[38;2;24;27;34m1101[38;2;25;28;35m0[38;2;47;50;56m0[38;2;65;67;73m0[38;2;54;56;62m1[38;2;37;39;46m1[38;2;35;38;44m1[38;2;32;34;41m0[38;2;29;32;39m1[38;2;25;28;34m1[38;2;24;27;34m000001110110010010110011001011001111001111100010
[38;2;24;27;34m11010100010[38;2;25;28;35m1[38;2;29;32;39m1[38;2;41;44;50m0[38;2;50;52;58m1[38;2;37;40;47m1[38;2;27;30;37m0[38;2;24;27;34m000100001111011101010111100011110011100100100011010100
[38;2;24;27;34m000110011[38;2;25;28;35m1[38;2;31;34;40m0[38;2;38;40;47m0[38;2;34;37;43m1[38;2;26;29;36m0[38;2;24;27;34m001010000010100101110110000011101001001010100111001011000
[38;2;24;27;34m1100111[38;2;25;28;35m1[38;2;27;30;36m1[38;2;29;32;39m1[38;2;27;30;37m1[38;2;24;27;34m010110110110111011011110000011111110110011111010101001111101
[38;2;24;27;34m1000010[38;2;25;28;35m1[38;2;24;27;34m010101110010001010011010001110000110001100001010000101110011100
[38;2;24;27;34m01101001011000010010100100101000011111101100000110101001111111111000100
[0m
