[38;2;24;27;34m01011001010010010111010110100011100000101110011010111001011111011000001
[38;2;24;27;34m00010100001101000111000111101111100110010011000110001110000010101100010
[38;2;24;27;34m10010101100000000000000111111011001011110011100000101110110100101101000
[38;2;24;27;34m011011101100110101001111001000110001011000000011[38;2;26;29;36m1[38;2;29;32;39m1[38;2;35;38;44m0[38;2;40;43;49m0[38;2;32;35;42m0[38;2;24;27;34m111110111010100101
[38;2;24;27;34m0001111100110110111001011111100111010001[38;2;25;28;35m1[38;2;27;30;37m1[38;2;38;40;47m0[38;2;70;72;78m1[38;2;103;105;110m1[38;2;126;128;132m0[38;2;130;132;134m0[38;2;134;135;139m0[38;2;132;134;137m0[38;2;134;136;139m1[38;2;145;146;150m1[38;2;153;156;159m0[38;2;81;84;89m0[38;2;27;30;37m0[38;2;24;27;34m10111110011110101
[38;2;24;27;34m0010011110110000010100100101001000[38;2;52;54;60m0[38;2;82;84;89m0[38;2;33;36;42m1[38;2;51;54;60m1[38;2;75;78;83m0[38;2;101;103;107m0[38;2;115;117;121m0[38;2;117;119;123m0[38;2;109;111;115m0[38;2;78;80;86m1[38;2;47;50;56m1[38;2;26;29;36m1[38;2;24;27;34m00000[38;2;25;28;35m1[38;2;24;27;34m1110001100010011001
[38;2;24;27;34m10010100000110010000110001100100[38;2;31;34;41m1[38;2;126;128;132m0[38;2;214;214;215m0[38;2;161;162;164m0[38;2;102;104;109m1[38;2;82;84;90m1[38;2;61;64;69m0[38;2;38;41;47m1[38;2;25;28;35m1[38;2;24;27;34m111100010101001011011101101011
[38;2;24;27;34m11110001001100101001110111100[38;2;33;35;42m1[38;2;56;58;64m1[38;2;124;125;129m1[38;2;171;173;175m1[38;2;102;104;109m0[38;2;43;45;52m1[38;2;29;32;39m1[38;2;24;27;34m10001001100101010111110111100100011
[38;2;24;27;34m10001011110000010100001110[38;2;30;33;39m0[38;2;59;61;67m0[38;2;78;80;86m0[38;2;103;106;110m1[38;2;173;174;176m0[38;2;127;128;132m0[38;2;37;40;46m1[38;2;24;27;34m00011010101001001000111110110011110011
[38;2;24;27;34m01101111111110011110110[38;2;26;29;36m0[38;2;47;50;56m0[38;2;70;73;78m0[38;2;70;72;78m1[38;2;48;50;56m0[38;2;107;110;114m1[38;2;133;135;138m0[38;2;54;56;62m1[38;2;25;28;35m1[38;2;24;27;34m1111000101100100000000101[38;2;25;28;35m1[38;2;26;29;36m0[38;2;27;30;37m1[38;2;29;32;38m1[38;2;27;30;37m1[38;2;24;27;34m011101011
[38;2;24;27;34m00101011101111001010[38;2;25;28;35m1[38;2;38;40;47m1[38;2;57;60;66m1[38;2;63;65;71m1[38;2;45;48;54m1[38;2;26;29;36m0[38;2;67;70;75m1[38;2;127;129;133m0[38;2;70;72;77m0[38;2;24;27;34m11101111011111000110[38;2;29;31;38m0[38;2;39;42;48m0[38;2;52;55;61m0[38;2;63;66;72m0[38;2;76;79;84m1[38;2;90;92;97m1[38;2;101;102;107m0[38;2;112;114;118m1[38;2;121;123;127m1[38;2;126;128;132m0[38;2;129;130;134m1[38;2;136;137;140m0[38;2;84;86;91m0[38;2;24;27;34m011111001
[38;2;24;27;34m011110010001101010[38;2;26;29;36m0[38;2;45;47;53m1[38;2;51;54;60m0[38;2;44;47;53m0[38;2;29;32;39m0[38;2;24;27;34m0[38;2;43;46;52m0[38;2;107;109;114m0[38;2;84;86;91m0[38;2;30;33;40m1[38;2;24;27;34m10000100001111[38;2;25;28;35m0[38;2;34;36;43m1[38;2;61;63;69m0[38;2;84;86;91m1[38;2;91;93;98m0[38;2;96;98;103m1[38;2;101;103;107m0[38;2;100;102;107m0[38;2;92;94;99m1[38;2;82;85;90m0[38;2;73;76;81m1[38;2;62;65;71m0[38;2;54;56;62m1[38;2;44;46;53m0[38;2;35;38;44m0[38;2;29;32;39m0[38;2;26;29;36m0[38;2;24;27;34m010101100101
[38;2;24;27;34m011011000001010[38;2;25;28;35m0[38;2;30;32;39m1[38;2;39;42;48m1[38;2;42;45;51m1[38;2;28;31;37m1[38;2;24;27;34m10[38;2;36;39;45m1[38;2;84;86;92m0[38;2;89;91;96m0[38;2;31;34;41m0[38;2;24;27;34m011010101[38;2;28;31;38m0[38;2;36;39;45m0[38;2;42;45;51m0[38;2;59;61;67m0[38;2;75;77;82m0[38;2;80;83;88m1[38;2;83;85;90m0[38;2;85;87;93m1[38;2;79;81;86m0[38;2;54;57;62m0[38;2;34;36;43m0[38;2;30;32;39m0[38;2;27;30;37m0[38;2;25;28;35m1[38;2;24;27;34m1010111010101111101000
[38;2;24;27;34m0000111001011[38;2;25;28;35m0[38;2;30;33;40m0[38;2;35;38;44m0[38;2;32;34;41m1[38;2;25;28;35m1[38;2;24;27;34m01[38;2;30;33;40m1[38;2;69;71;77m1[38;2;78;80;85m1[38;2;38;41;48m1[38;2;24;27;34m111101[38;2;28;31;38m1[38;2;44;47;53m1[38;2;51;53;59m1[38;2;57;60;65m0[38;2;64;67;72m0[38;2;63;66;71m1[38;2;58;61;67m1[38;2;55;58;64m0[38;2;41;43;50m1[38;2;27;30;37m1[38;2;24;27;34m0100001101001100001011010110110
[38;2;24;27;34m110001001110[38;2;26;29;36m1[38;2;27;31;37m1[38;2;26;28;35m0[38;2;24;27;34m010[38;2;29;32;38m1[38;2;61;64;69m1[38;2;69;72;77m1[38;2;37;39;46m1[38;2;24;27;34m00[38;2;25;28;35m1[38;2;26;29;36m0[38;2;35;38;44m0[38;2;48;50;57m1[38;2;51;54;60m0[38;2;54;56;62m1[38;2;51;54;60m1[38;2;38;41;47m1[38;2;33;36;42m0[38;2;28;31;38m0[38;2;24;27;34m0111101100110111010010001110100111110
[38;2;24;27;34m0100111100100110[38;2;30;33;40m0[38;2;48;51;57m1[38;2;58;60;66m1[38;2;33;36;43m0[38;2;26;29;36m1[38;2;29;32;39m1[38;2;33;35;42m1[38;2;36;39;45m0[38;2;37;40;47m1[38;2;39;42;48m1[38;2;33;36;43m0[38;2;25;28;35m1[38;2;24;27;34m0100100101111011101010111101101100011011111
[38;2;24;27;34m00110100101001[38;2;28;31;38m0[38;2;41;44;50m0[38;2;42;45;51m0[38;2;32;35;42m0[38;2;27;30;37m1[38;2;30;33;39m1[38;2;30;33;40m1[38;2;29;32;38m0[38;2;26;29;36m0[38;2;24;27;34m010111011111110001000010010101000011011100110111
[38;2;24;27;34m100111110111[38;2;28;31;38m0[38;2;37;39;45m1[38;2;36;39;45m0[38;2;25;28;35m00[38;2;24;27;34m000001111000011000100101001101010110000000010010011010
[38;2;24;27;34m1000001010[38;2;25;28;35m0[38;2;27;30;37m10[38;2;24;27;34m0100110100100101100001011011011110100010110001101011101011
[38;2;24;27;34m11100010000100010101011011011000111000010011000111110100010001011001011
[38;2;24;27;34m00110110000001100011001011110000110111011001011001001000101011111011011
[38;2;24;27;34m00010101011110100100101010010010000100110001110100011100111010110100110
[0m
