[38;2;24;27;34m1001001011111100[38;2;28;31;38m1[38;2;46;49;55m1[38;2;68;70;75m1[38;2;51;54;59m1[38;2;24;27;34m100111101011001011000100101111110100101011111100011
[38;2;24;27;34m1111010110001010[38;2;47;49;55m0[38;2;78;80;85m1[38;2;29;32;39m1[38;2;24;27;34m0110110110001101100110100001100110110110010111101011
[38;2;24;27;34m11010110011001001100011000101110001111101110111010011110000111101111001
[38;2;24;27;34m10000100111010010000110010101100000110010000110[38;2;26;29;36m1[38;2;34;37;44m1[38;2;38;41;48m1[38;2;37;41;48m1[38;2;32;35;43m1[38;2;25;28;35m1[38;2;24;27;34m110011110010000011
[38;2;24;27;34m11101111100111001111010010001110011[38;2;25;28;35m0[38;2;24;27;34m111001[38;2;26;28;35m0[38;2;27;30;37m1[38;2;31;34;41m1[38;2;50;53;59m0[38;2;71;74;79m1[38;2;104;107;112m1[38;2;115;118;124m0[38;2;118;120;126m0[38;2;113;116;122m1[38;2;100;104;109m0[38;2;73;76;82m0[38;2;31;34;41m1[38;2;25;28;35m1[38;2;24;27;34m1100111010111101
[38;2;24;27;34m000000010010101110010011010010100[38;2;36;39;45m0[38;2;105;107;112m1[38;2;141;143;146m1[38;2;38;41;47m1[38;2;34;37;43m1[38;2;52;55;61m1[38;2;71;73;79m0[38;2;92;94;99m0[38;2;107;109;113m1[38;2;110;112;117m1[38;2;112;114;118m1[38;2;109;111;115m1[38;2;93;95;100m0[38;2;79;82;87m1[38;2;83;87;92m1[38;2;86;90;96m0[38;2;91;94;100m1[38;2;102;106;111m0[38;2;116;119;123m0[38;2;128;131;134m1[38;2;137;138;142m0[38;2;41;44;50m0[38;2;24;27;34m1110000101011100
[38;2;24;27;34m1110010011000110100111111101111[38;2;25;28;35m1[38;2;89;91;96m1[38;2;173;174;176m0[38;2;155;156;159m1[38;2;104;105;110m1[38;2;95;96;101m1[38;2;90;92;98m1[38;2;74;76;82m1[38;2;58;61;67m1[38;2;40;43;49m0[38;2;27;30;37m1[38;2;24;27;34m010101[38;2;29;32;39m1[38;2;31;35;41m0[38;2;31;34;41m0[38;2;28;31;37m1[38;2;24;27;34m0001010110011000101
[38;2;24;27;34m10001100001111101010010101111[38;2;31;34;41m1[38;2;63;65;71m1[38;2;153;154;156m0[38;2;156;157;160m0[38;2;92;94;99m1[38;2;49;52;58m0[38;2;31;34;41m0[38;2;26;29;36m1[38;2;24;27;34m1101000111100111101111010100110011
[38;2;24;27;34m01011110010010101010101010[38;2;31;33;40m0[38;2;54;56;62m0[38;2;81;83;88m1[38;2;156;157;160m0[38;2;138;140;142m1[38;2;46;49;55m1[38;2;24;27;34m000101011111001111110000000100001001110
[38;2;24;27;34m11010101100011001101001[38;2;26;29;36m0[38;2;49;52;58m0[38;2;63;66;71m0[38;2;61;63;70m1[38;2;90;92;96m0[38;2;135;137;140m0[38;2;62;65;71m0[38;2;26;29;36m0[38;2;24;27;34m1000101010101001001001101000100011010111
[38;2;24;27;34m01100111101001000001[38;2;26;29;36m0[38;2;36;38;45m0[38;2;50;53;58m0[38;2;53;55;61m0[38;2;35;38;44m0[38;2;49;52;58m0[38;2;110;112;116m1[38;2;84;86;90m1[38;2;25;28;35m0[38;2;24;27;34m01001110100110011100110[38;2;27;30;37m1[38;2;33;36;43m0[38;2;44;47;53m1[38;2;54;56;62m0[38;2;61;64;70m1[38;2;72;74;80m0[38;2;80;82;88m1[38;2;94;97;101m0[38;2;111;113;117m1[38;2;108;110;114m0[38;2;29;32;39m1[38;2;24;27;34m10111011
[38;2;24;27;34m010011001001000010[38;2;29;32;39m0[38;2;37;39;46m1[38;2;39;41;47m0[38;2;34;37;43m0[38;2;25;28;35m0[38;2;30;32;39m1[38;2;88;90;95m0[38;2;88;90;94m0[38;2;36;39;45m1[38;2;24;27;34m110001001001001011[38;2;27;30;37m0[38;2;47;50;56m0[38;2;72;75;80m0[38;2;88;90;95m1[38;2;90;93;97m1[38;2;95;97;102m0[38;2;101;103;107m0[38;2;101;103;108m0[38;2;98;100;105m1[38;2;90;93;97m1[38;2;85;87;92m1[38;2;77;80;85m0[38;2;75;78;83m0[38;2;67;70;75m1[38;2;61;64;70m1[38;2;53;55;62m1[38;2;38;41;48m1[38;2;24;27;34m001101010
[38;2;24;27;34m1110110011110010[38;2;27;30;37m1[38;2;33;36;42m1[38;2;32;35;42m1[38;2;25;28;35m0[38;2;24;27;34m0[38;2;28;31;38m0[38;2;62;64;70m0[38;2;87;89;94m0[38;2;38;41;47m1[38;2;24;27;34m10000111110[38;2;25;28;35m0[38;2;30;33;40m1[38;2;36;39;45m0[38;2;41;44;50m1[38;2;57;60;66m0[38;2;71;74;79m0[38;2;76;78;84m0[38;2;80;81;87m0[38;2;82;84;89m1[38;2;81;83;89m0[38;2;64;67;72m1[38;2;43;45;52m0[38;2;30;33;40m0[38;2;29;32;39m0[38;2;27;30;37m0[38;2;25;28;35m1[38;2;24;27;34m0101110001000101001
[38;2;24;27;34m10001111001011[38;2;25;28;35m011[38;2;24;27;34m01[38;2;25;28;35m1[38;2;51;54;60m0[38;2;73;74;80m0[38;2;46;49;55m0[38;2;24;27;34m01100111[38;2;26;29;36m1[38;2;35;38;45m0[38;2;46;49;56m1[38;2;50;53;59m1[38;2;57;59;65m1[38;2;60;62;68m1[38;2;57;59;65m1[38;2;54;56;62m1[38;2;51;54;60m1[38;2;38;41;47m1[38;2;27;30;37m0[38;2;24;27;34m10111111100110101110000111010
[38;2;24;27;34m10000100010111100[38;2;25;28;35m0[38;2;38;41;47m1[38;2;59;62;67m1[38;2;43;46;53m1[38;2;25;28;35m1[38;2;24;27;34m011[38;2;25;28;35m01[38;2;29;33;39m0[38;2;39;41;47m1[38;2;42;44;51m0[38;2;46;48;54m1[38;2;47;50;56m1[38;2;40;42;49m1[38;2;32;35;42m1[38;2;30;33;40m0[38;2;26;29;36m0[38;2;24;27;34m01010100110011010100001001111110011
[38;2;24;27;34m000001010001101[38;2;25;28;35m0[38;2;34;37;43m0[38;2;43;46;52m1[38;2;38;40;47m1[38;2;24;27;34m10[38;2;25;28;35m0[38;2;26;29;36m0[38;2;28;31;38m1[38;2;31;34;41m0[38;2;34;37;43m1[38;2;34;36;43m1[38;2;30;33;39m1[38;2;24;27;34m0101001011001001101011101000001100111101110
[38;2;24;27;34m01000000000010[38;2;28;32;38m1[38;2;35;38;44m0[38;2;32;35;41m1[38;2;24;27;34m010[38;2;24;28;34m0[38;2;25;28;35m110[38;2;24;27;34m11111100000100100101001100001011001001110100010
[38;2;24;27;34m011001101001[38;2;25;28;34m0[38;2;26;29;36m1[38;2;25;28;35m1[38;2;24;27;34m10100100101101010011111010100011000100110101011001100000
[38;2;24;27;34m01100111001100110000010110101000011110001011101001001011110100101001001
[38;2;24;27;34m10100001010111110001101010000100001000011110101001100100000000101000011
[38;2;24;27;34m01001010011101011011010010110000010100001111000101101000000101011100011
[38;2;24;27;34m10111000000100100110001001100111001000100011011011001011000011010101011
[0m
