[38;2;24;27;34m0000001110101101[38;2;26;29;36m0[38;2;28;31;37m1[38;2;24;27;34m11101011100110101111110111000001010110110000000111111
[38;2;24;27;34m01011001010010[38;2;26;29;35m1[38;2;38;41;47m1[38;2;36;38;45m1[38;2;26;29;36m1[38;2;24;27;34m00100010000110111110101110100010000011100000001001011
[38;2;24;27;34m100111110101[38;2;27;30;37m0[38;2;46;49;55m1[38;2;51;54;59m0[38;2;30;33;40m0[38;2;24;27;34m0111101110100100001010111000001001001101000111001100000
[38;2;24;27;34m1010000111[38;2;28;31;37m1[38;2;55;57;63m1[38;2;63;65;70m0[38;2;38;41;47m1[38;2;24;27;34m0001010111010000110001011111001[38;2;25;28;35m0[38;2;30;34;41m1[38;2;34;37;44m0[38;2;35;38;45m0[38;2;32;36;42m0[38;2;27;30;37m1[38;2;24;27;34m01111110010110011000
[38;2;24;27;34m101000010[38;2;30;33;40m0[38;2;94;96;101m1[38;2;49;52;58m1[38;2;25;28;35m1[38;2;24;27;34m0111111100011011100110[38;2;27;30;37m1[38;2;25;28;35m1[38;2;24;27;34m0111001[38;2;35;39;46m0[38;2;54;58;66m1[38;2;60;64;71m1[38;2;58;63;70m0[38;2;81;85;91m0[38;2;67;72;78m1[38;2;57;61;69m0[38;2;45;49;56m0[38;2;26;29;35m1[38;2;24;27;34m100001011001101000
[38;2;24;27;34m11101110101011011010110010111000[38;2;26;29;36m0[38;2;66;68;74m1[38;2;137;138;141m0[38;2;156;158;160m0[38;2;54;57;63m0[38;2;24;27;34m1[38;2;31;34;41m0[38;2;46;49;55m0[38;2;58;60;66m0[38;2;71;74;79m1[38;2;87;89;94m0[38;2;100;102;106m0[38;2;125;128;132m0[38;2;133;136;140m1[38;2;134;136;140m0[38;2;153;154;157m0[38;2;148;150;153m1[38;2;137;139;142m1[38;2;141;144;148m1[38;2;132;134;139m1[38;2;97;99;103m0[38;2;66;68;74m0[38;2;46;49;56m1[38;2;29;32;39m0[38;2;24;27;34m101000110111100
[38;2;24;27;34m0110101100000000111010111011010[38;2;58;61;66m1[38;2;149;150;153m1[38;2;134;135;139m1[38;2;80;82;86m1[38;2;75;78;83m0[38;2;82;84;89m0[38;2;88;90;95m0[38;2;86;89;93m1[38;2;74;76;81m1[38;2;64;66;72m1[38;2;53;56;62m1[38;2;40;43;49m0[38;2;29;32;39m1[38;2;33;36;42m0[38;2;48;52;59m0[38;2;57;61;68m1[38;2;57;62;69m1[38;2;56;61;68m0[38;2;61;66;73m0[38;2;64;68;74m0[38;2;66;69;74m1[38;2;78;81;86m0[38;2;107;109;113m0[38;2;132;133;137m0[38;2;96;98;103m0[38;2;24;27;34m110110110111111
[38;2;24;27;34m00011000010111011101001001001[38;2;43;45;52m0[38;2;132;133;137m0[38;2;170;171;173m1[38;2;97;99;103m0[38;2;79;81;86m0[38;2;65;67;73m0[38;2;36;39;46m0[38;2;30;33;39m0[38;2;25;28;35m1[38;2;24;27;34m11001010[38;2;26;29;36m1[38;2;27;30;37m1[38;2;28;31;38m1[38;2;26;29;36m1[38;2;25;28;35m1[38;2;24;27;34m1100[38;2;25;28;35m0[38;2;24;27;34m010100111111110
[38;2;24;27;34m10001101000000010011011111[38;2;30;32;39m1[38;2;53;55;61m0[38;2;114;116;119m1[38;2;130;131;134m1[38;2;74;76;81m1[38;2;34;37;44m0[38;2;24;27;34m111010000110101111110101111000110001100
[38;2;24;27;34m11101001110100010010010[38;2;26;29;36m0[38;2;43;46;52m0[38;2;52;55;61m0[38;2;80;82;87m0[38;2;137;138;142m1[38;2;74;77;82m1[38;2;27;30;37m1[38;2;24;27;34m1110101011011000010101100010011[38;2;25;28;35m1[38;2;34;37;44m1[38;2;37;40;47m1[38;2;28;31;38m0[38;2;24;27;34m011000
[38;2;24;27;34m01111011001001000100[38;2;26;29;36m1[38;2;33;36;42m0[38;2;38;41;47m1[38;2;41;43;50m01[38;2;90;92;97m1[38;2;92;94;98m0[38;2;27;30;37m1[38;2;24;27;34m00101000111110000001101100010[38;2;28;30;37m0[38;2;34;37;43m1[38;2;51;53;60m1[38;2;90;92;97m1[38;2;75;78;84m1[38;2;53;57;63m0[38;2;55;59;67m1[38;2;43;47;53m0[38;2;24;27;34m101000
[38;2;24;27;34m011110111110000101[38;2;26;29;36m1[38;2;28;31;38m0[38;2;32;34;41m1[38;2;29;32;39m0[38;2;25;28;35m0[38;2;66;68;74m0[38;2;84;87;91m0[38;2;42;45;51m1[38;2;24;27;34m1011110000100100110011[38;2;29;32;39m0[38;2;49;52;58m0[38;2;71;73;79m0[38;2;85;87;92m0[38;2;91;93;98m0[38;2;95;97;102m0[38;2;99;101;106m1[38;2;104;106;111m1[38;2;110;112;116m0[38;2;114;116;120m1[38;2;114;115;119m1[38;2;109;111;116m1[38;2;91;93;98m1[38;2;46;49;55m0[38;2;25;28;35m1[38;2;26;29;36m1[38;2;24;27;34m1000111
[38;2;24;27;34m01100010011101101[38;2;25;28;35m11[38;2;24;27;34m1[38;2;25;28;35m0[38;2;44;46;53m1[38;2;79;81;87m0[38;2;45;48;54m1[38;2;25;28;35m1[38;2;24;27;34m1011010111100[38;2;25;28;35m1[38;2;30;33;40m1[38;2;35;37;44m0[38;2;38;41;47m0[38;2;52;54;61m1[38;2;67;69;74m1[38;2;73;75;81m0[38;2;76;78;84m0[38;2;79;81;87m1[38;2;82;84;89m0[38;2;79;81;87m1[38;2;63;65;71m0[38;2;45;48;54m0[38;2;31;34;41m0[38;2;30;33;40m0[38;2;29;32;39m1[38;2;28;31;37m0[38;2;26;29;36m01[38;2;25;28;35m0[38;2;24;27;34m1010010001011
[38;2;24;27;34m1110111001011010011[38;2;34;37;43m0[38;2;58;60;66m1[38;2;51;54;60m0[38;2;25;28;35m0[38;2;24;27;34m1001111111[38;2;28;30;37m0[38;2;38;41;48m1[38;2;43;46;52m1[38;2;48;51;57m1[38;2;55;57;63m0[38;2;57;59;65m1[38;2;53;56;62m1[38;2;51;53;59m1[38;2;49;52;58m0[38;2;40;42;49m0[38;2;28;31;38m1[38;2;24;27;34m000010111010010011010100100
[38;2;24;27;34m00000101000101010[38;2;28;31;38m1[38;2;43;45;52m1[38;2;41;44;50m1[38;2;27;30;37m0[38;2;24;27;34m011010[38;2;25;28;35m1[38;2;27;30;37m1[38;2;34;37;44m0[38;2;35;38;44m1[38;2;37;39;46m1[38;2;40;42;49m1[38;2;40;43;49m0[38;2;32;35;42m0[38;2;31;34;40m1[38;2;28;31;38m0[38;2;25;28;35m1[38;2;24;27;34m000100011010011111011001100011000
[38;2;24;27;34m011110111011111[38;2;25;28;35m0[38;2;31;34;40m1[38;2;36;39;45m1[38;2;25;28;35m0[38;2;24;27;34m11110[38;2;24;28;34m1[38;2;25;28;35m0[38;2;27;30;36m1[38;2;28;31;38m0[38;2;29;32;39m0[38;2;25;28;35m1[38;2;24;27;34m11110001101100111100110010011111001011110
[38;2;24;27;34m11101100111000[38;2;25;27;34m1[38;2;26;29;36m0[38;2;25;28;35m1[38;2;24;27;34m011100100111110100000111101000011100111101100101100110
[38;2;24;27;34m00101101100111110001111111000000000111100001111011010010000010010011100
[38;2;24;27;34m10100110011111010110100001010001001101111100001101110001110010001010100
[38;2;24;27;34m00101010010100000011000100001100111101111001011111100011010110011011110
[38;2;24;27;34m11101010011100000111010110001001101110001101001011100011011100000100010
[38;2;24;27;34m11011001001010011100100110101100100000101000111101010100010110000100010
[0m
