[38;2;24;27;34m00101110111001100101010100011101001001110010101001010100010010011000010
[38;2;24;27;34m01100101011100111000111010101010111110111001000011101111011100010110111
[38;2;24;27;34m11010001011101110010100000001010011000010101111100001011001010000101011
[38;2;24;27;34m0001000111[38;2;26;29;36m11[38;2;24;27;34m01101110010101011110000011101010[38;2;25;28;35m1[38;2;27;30;37m0[38;2;28;31;38m1[38;2;27;30;37m1[38;2;25;28;35m1[38;2;24;27;34m0110101110100110110001
[38;2;24;27;34m00100010[38;2;28;31;38m0[38;2;39;42;48m0[38;2;31;33;40m1[38;2;24;27;34m000101110100001100110010[38;2;26;29;36m00[38;2;24;27;34m00000[38;2;28;32;38m1[38;2;44;48;54m0[38;2;51;55;62m0[38;2;47;51;58m0[38;2;45;49;55m0[38;2;48;52;59m1[38;2;70;74;80m0[38;2;80;82;87m1[38;2;30;33;40m1[38;2;24;27;34m00100001011000001010
[38;2;24;27;34m101101[38;2;33;36;42m1[38;2;49;51;57m0[38;2;44;47;52m1[38;2;26;29;35m1[38;2;24;27;34m0011000000101011101111[38;2;37;39;46m0[38;2;84;87;92m1[38;2;132;134;137m0[38;2;150;151;154m0[38;2;91;93;98m1[38;2;24;27;34m11[38;2;25;28;35m0[38;2;30;33;40m1[38;2;43;45;52m1[38;2;78;81;88m1[38;2;78;82;88m1[38;2;60;62;68m1[38;2;80;81;87m1[38;2;107;109;113m1[38;2;107;109;114m0[38;2;87;89;94m1[38;2;61;64;70m1[38;2;62;66;73m1[38;2;30;33;40m0[38;2;24;27;34m0100111011101100100
[38;2;24;27;34m0000[38;2;30;33;40m1[38;2;64;66;71m1[38;2;54;57;62m0[38;2;31;33;40m0[38;2;24;27;34m0110110100111011111000[38;2;35;38;44m1[38;2;114;115;120m0[38;2;143;145;147m0[38;2;97;99;103m1[38;2;48;51;57m1[38;2;43;46;52m0[38;2;67;69;75m1[38;2;75;77;82m0[38;2;81;83;88m1[38;2;84;86;92m0[38;2;82;84;89m1[38;2;77;79;84m0[38;2;92;94;100m0[38;2;93;96;102m0[38;2;70;72;78m1[38;2;65;67;73m1[38;2;70;72;78m1[38;2;79;81;86m0[38;2;97;100;104m1[38;2;128;131;135m0[38;2;142;143;147m1[38;2;130;131;135m1[38;2;122;123;127m1[38;2;93;95;100m1[38;2;58;61;66m0[38;2;29;32;39m0[38;2;24;27;34m000010111001000
[38;2;24;27;34m011[38;2;71;74;79m0[38;2;85;88;93m1[38;2;31;35;41m1[38;2;24;27;34m1100011000101101110001[38;2;31;34;41m1[38;2;96;98;103m0[38;2;148;149;152m1[38;2;89;90;95m0[38;2;67;70;75m1[38;2;68;71;76m1[38;2;71;73;79m1[38;2;57;60;66m1[38;2;34;37;44m0[38;2;30;33;40m0[38;2;27;30;37m1[38;2;24;27;34m101[38;2;26;29;36m1[38;2;38;42;48m0[38;2;47;51;58m0[38;2;49;53;60m1[38;2;48;53;60m1[38;2;49;53;60m0[38;2;48;52;59m1[38;2;40;43;50m1[38;2;29;32;39m1[38;2;31;34;40m0[38;2;41;44;51m0[38;2;75;78;83m0[38;2;116;118;122m0[38;2;151;151;155m0[38;2;135;136;139m0[38;2;33;36;43m1[38;2;24;27;34m1001000100010
[38;2;24;27;34m001[38;2;25;28;35m00[38;2;24;27;34m000111001101111100101[38;2;27;30;37m1[38;2;70;73;78m0[38;2;130;132;135m1[38;2;105;107;111m1[38;2;54;56;62m1[38;2;42;45;51m1[38;2;26;29;36m0[38;2;24;27;34m1000110111000[38;2;25;28;35m1[38;2;24;27;34m000010101101101110010011
[38;2;24;27;34m01111000100000110101011[38;2;26;29;36m0[38;2;36;39;45m0[38;2;52;55;60m0[38;2;123;125;128m0[38;2;84;86;91m0[38;2;31;34;41m0[38;2;24;27;34m011111101111111100001011110110[38;2;30;33;40m1[38;2;39;43;50m1[38;2;42;45;52m1[38;2;39;43;50m0[38;2;32;35;42m0[38;2;24;27;34m0011000
[38;2;24;27;34m101110110011110111000[38;2;27;29;36m1[38;2;31;33;40m1[38;2;39;41;48m1[38;2;71;74;79m1[38;2;91;93;98m1[38;2;33;36;42m1[38;2;24;27;34m0010100111001010011111101010100[38;2;37;40;48m0[38;2;87;91;97m1[38;2;114;117;122m0[38;2;61;66;74m1[38;2;60;65;72m0[38;2;60;65;73m1[38;2;43;46;53m0[38;2;24;27;34m110111
[38;2;24;27;34m01010110010111111001[38;2;25;28;35m10[38;2;48;50;57m1[38;2;79;82;87m1[38;2;47;50;56m0[38;2;24;27;34m01000010000111010111000111[38;2;25;28;35m1[38;2;30;33;40m0[38;2;46;49;55m1[38;2;59;62;68m0[38;2;76;79;84m1[38;2;92;95;99m0[38;2;111;113;117m0[38;2;134;136;139m1[38;2;151;152;156m1[38;2;104;107;112m1[38;2;61;65;72m1[38;2;59;63;71m0[38;2;52;56;63m1[38;2;33;37;43m1[38;2;24;27;34m001101
[38;2;24;27;34m11011110010100011011[38;2;31;34;41m1[38;2;60;63;69m0[38;2;52;55;61m0[38;2;25;28;35m0[38;2;24;27;34m11100011101100100[38;2;28;31;38m0[38;2;33;36;43m0[38;2;36;39;45m0[38;2;44;46;52m1[38;2;58;60;66m1[38;2;68;70;75m1[38;2;73;76;81m0[38;2;76;78;84m0[38;2;80;83;88m1[38;2;81;84;88m1[38;2;86;88;93m0[38;2;81;83;89m0[38;2;74;76;81m1[38;2;59;61;67m0[38;2;52;55;61m0[38;2;41;43;49m0[38;2;31;34;41m0[38;2;29;32;38m0[38;2;25;28;35m11[38;2;27;30;37m0[38;2;26;29;36m0[38;2;25;28;35m0[38;2;24;27;34m1011010
[38;2;24;27;34m011001010101001110[38;2;26;29;36m0[38;2;41;44;50m0[38;2;45;48;54m0[38;2;27;30;37m1[38;2;24;27;34m1110101001110[38;2;28;31;38m0[38;2;36;39;45m1[38;2;39;42;48m1[38;2;44;47;53m0[38;2;50;53;59m1[38;2;54;56;63m1[38;2;52;55;61m0[38;2;50;52;59m10[38;2;45;47;54m1[38;2;33;36;42m1[38;2;27;30;36m0[38;2;24;27;34m000101001100101101100010
[38;2;24;27;34m10001011110011011[38;2;29;32;38m1[38;2;36;38;45m0[38;2;28;31;38m1[38;2;24;27;34m1001100100[38;2;27;30;36m1[38;2;29;32;39m0[38;2;34;36;43m1[38;2;36;39;45m0[38;2;35;38;44m1[38;2;34;37;43m0[38;2;29;32;39m01[38;2;27;31;37m1[38;2;25;28;35m1[38;2;24;27;34m0010001010001111111110011100110
[38;2;24;27;34m1110100111001001[38;2;25;28;35m01[38;2;24;27;34m0010001100[38;2;25;28;35m101[38;2;24;27;34m1001000001001111111101100100010111010101
[38;2;24;27;34m11011100011001111111111010101110010001100001001110001000010000101000000
[38;2;24;27;34m00000001111111101110110000011101010011010101101010010001101010001100100
[38;2;24;27;34m00110010011010010000000000010010010001010111111011010110000001000100110
[38;2;24;27;34m10000010011100000100010101001110010001001000100111101011011110000011010
[38;2;24;27;34m00111001110111010110100100001010100100100010010000000001110100001100100
[38;2;24;27;34m00000001011110011100010010001001010100111011011100000111010110110101001
[0m
