[38;2;24;27;34m0001101101000000011011111011001010010101101111101011110101101001101000[38;2;24;26;33m0
[38;2;24;27;34m00101101100100011111011101011111010111000111111011111011001111010001000
[38;2;24;27;34m10100001010000100101111101010110110101101000101101111000011111010010111
[38;2;24;27;34m00100110011010011010001000011110101000100011100111110100101001000111110
[38;2;24;27;34m00010011111100001110011101011100001101111[38;2;28;31;38m1[38;2;37;40;47m0[38;2;39;42;49m110[38;2;39;43;49m0[38;2;39;42;49m0[38;2;72;75;80m1[38;2;71;73;79m1[38;2;24;27;34m010100011110010001001
[38;2;24;27;34m1100100011001000101000011110010[38;2;25;28;34m0[38;2;41;44;50m1[38;2;76;78;84m0[38;2;109;111;115m1[38;2;128;129;133m1[38;2;115;116;121m0[38;2;26;29;36m0[38;2;24;27;34m00[38;2;42;45;52m0[38;2;43;47;54m0[38;2;28;31;38m0[38;2;25;28;35m1[38;2;38;41;48m1[38;2;50;52;58m0[38;2;69;72;77m1[38;2;82;84;89m1[38;2;65;67;73m1[38;2;39;43;50m1[38;2;24;27;34m011101010111111001010
[38;2;24;27;34m1010[38;2;26;29;36m1[38;2;24;27;34m010101100100110011011001[38;2;25;28;35m1[38;2;69;71;76m1[38;2;130;131;135m0[38;2;123;125;129m0[38;2;89;92;96m1[38;2;57;60;66m0[38;2;38;41;47m1[38;2;36;38;45m1[38;2;51;54;60m0[38;2;67;69;75m0[38;2;72;74;79m0[38;2;100;102;107m1[38;2;80;83;88m0[38;2;86;88;93m0[38;2;93;95;100m0[38;2;121;123;127m1[38;2;112;114;118m1[38;2;100;102;106m0[38;2;97;99;103m1[38;2;86;88;93m1[38;2;84;87;93m0[38;2;32;34;41m0[38;2;24;27;34m01011101100110011110
[38;2;24;27;34m1[38;2;25;28;35m1[38;2;32;35;41m0[38;2;35;39;45m0[38;2;27;30;37m0[38;2;24;27;34m1101010000110010111100[38;2;26;29;36m1[38;2;63;65;71m1[38;2;128;130;134m1[38;2;101;103;107m1[38;2;45;47;54m0[38;2;50;52;59m1[38;2;59;62;68m1[38;2;62;64;70m0[38;2;64;67;72m1[38;2;62;64;70m0[38;2;44;46;53m1[38;2;31;34;40m0[38;2;30;33;40m1[38;2;41;44;50m0[38;2;47;51;57m0[38;2;35;38;44m0[38;2;29;32;39m1[38;2;28;31;38m1[38;2;30;33;40m1[38;2;34;37;44m1[38;2;44;47;54m1[38;2;73;75;81m0[38;2;92;94;99m1[38;2;117;118;123m0[38;2;128;129;133m1[38;2;128;130;134m1[38;2;107;110;114m0[38;2;77;79;85m0[38;2;48;51;57m1[38;2;32;35;41m1[38;2;24;27;34m10100000001110
[38;2;39;41;47m1[38;2;48;50;56m0[38;2;36;38;45m0[38;2;25;28;34m0[38;2;24;27;34m1010001101101100001011[38;2;46;49;55m0[38;2;114;116;119m1[38;2;103;105;110m0[38;2;53;55;61m0[38;2;46;49;55m1[38;2;45;48;54m0[38;2;33;36;43m0[38;2;25;28;35m0[38;2;24;27;34m1111001[38;2;26;29;36m0[38;2;33;36;43m0[38;2;36;40;46m0[38;2;36;39;47m0[38;2;36;40;47m0[38;2;36;39;46m1[38;2;32;35;42m0[38;2;25;28;35m0[38;2;24;27;34m010[38;2;29;32;39m1[38;2;55;58;64m0[38;2;91;93;98m0[38;2;132;133;136m1[38;2;169;170;172m0[38;2;80;82;87m1[38;2;24;27;34m0100101011110
[38;2;44;47;53m0[38;2;26;29;36m0[38;2;24;27;34m1101100101101001111001[38;2;32;35;42m1[38;2;87;89;93m1[38;2;90;92;97m0[38;2;41;44;50m0[38;2;27;30;37m0[38;2;24;27;34m010101000111111110101101001[38;2;41;43;50m1[38;2;41;44;50m1[38;2;34;38;45m1[38;2;39;43;50m11[38;2;34;38;45m0[38;2;27;31;37m0[38;2;24;27;34m01111001
[38;2;24;27;34m0001011001100111100110[38;2;26;29;36m0[38;2;55;58;64m0[38;2;84;87;92m1[38;2;41;44;51m1[38;2;24;27;34m01101001100111110100010001110[38;2;25;28;35m1[38;2;45;50;56m1[38;2;59;64;71m1[38;2;98;102;108m1[38;2;80;84;91m1[38;2;49;54;61m0[38;2;58;63;71m11[38;2;44;48;55m0[38;2;25;28;35m0[38;2;24;27;34m110001
[38;2;24;27;34m101001011100111110110[38;2;32;35;41m1[38;2;67;69;74m0[38;2;52;55;61m0[38;2;25;28;35m1[38;2;24;27;34m000111001100001010011100101110[38;2;28;31;38m1[38;2;70;73;80m0[38;2;124;126;132m1[38;2;199;199;201m0[38;2;89;91;96m1[38;2;30;33;40m1[38;2;51;55;62m0[38;2;60;65;73m0[38;2;56;61;68m1[38;2;27;30;37m0[38;2;24;27;34m101011
[38;2;24;27;34m0011101010111011100[38;2;26;29;36m1[38;2;42;44;51m1[38;2;49;52;58m0[38;2;26;29;36m0[38;2;24;27;34m11000110000100010100[38;2;26;29;36m0[38;2;30;33;40m1[38;2;34;37;44m1[38;2;36;39;46m0[38;2;43;46;52m0[38;2;55;57;63m0[38;2;67;70;75m1[38;2;73;75;81m0[38;2;78;80;85m1[38;2;85;87;92m10[38;2;95;97;102m1[38;2;100;102;106m1[38;2;102;104;109m0[38;2;80;83;89m0[38;2;59;63;71m1[38;2;56;60;68m00[38;2;54;59;66m0[38;2;46;50;57m0[38;2;31;34;41m1[38;2;24;27;34m1010011
[38;2;24;27;34m000000101101101111[38;2;27;30;37m0[38;2;36;38;45m1[38;2;30;33;39m1[38;2;24;27;34m010010001111011[38;2;25;28;35m1[38;2;27;30;37m0[38;2;33;36;42m1[38;2;36;39;45m1[38;2;40;42;49m1[38;2;46;49;55m0[38;2;52;54;60m1[38;2;53;56;62m1[38;2;50;52;58m1[38;2;49;52;58m0[38;2;50;53;59m0[38;2;45;48;54m1[38;2;36;39;46m0[38;2;29;31;38m1[38;2;25;28;35m0[38;2;24;27;34m0111000[38;2;25;28;35m1[38;2;27;30;37m0[38;2;27;29;36m1[38;2;25;28;35m1[38;2;24;27;34m000001100
[38;2;24;27;34m11000110100100011[38;2;25;28;35m01[38;2;24;27;34m0101100010101[38;2;25;28;35m1[38;2;26;29;36m1[38;2;28;31;38m1[38;2;31;34;41m0[38;2;34;37;43m1[38;2;33;35;42m1[38;2;27;30;37m0[38;2;28;31;38m0[38;2;27;30;37m0[38;2;25;28;35m0[38;2;24;27;34m11101000011111011111010111111
[38;2;24;27;34m00011101001011111010101110110111011001000000100000010110101111010000000
[38;2;24;27;34m11101100000001011110000111011110001101110111011100001110001010011101011
[38;2;24;27;34m00010110000011000100010111101101110111010001010011001101111011010100011
[38;2;24;27;34m10110111100010000101001011111011000010010101001011000101001011001111010
[38;2;24;27;34m11001000100100000011100011011011011010011000100010001001011000011001101
[38;2;24;27;34m11000000011000000111101000110000100000001111101011110100000001100000100
[38;2;24;27;34m10100010000101111011011001110011110001101111000000000110110111001101010
[0m
