[38;2;24;27;34m11111001111011100001100011011011111001010010110100011001111010101111011
[38;2;24;27;34m01110010100010011011111110000001110100111101110000010001111100110100010
[38;2;24;27;34m00100100010000100001100110101110100011001110110011010110101110111010101
[38;2;24;27;34m10100100101101011101001000111110010100010101000110010000010010010100010
[38;2;24;27;34m10000101100101100111011101100110101011111111001100101011010010011101001
[38;2;24;27;34m11100010010101011110100101011100111000111010100010011100010011110011111
[38;2;24;27;34m00100111100111111110100101010101100110000101101000110111110010111011110
[38;2;24;27;34m00001010010101001110111001101111111100110011000111110111010110010100110
[38;2;24;27;34m01000110111100000101001001101101111000111101000001111110111101001011101
[38;2;24;27;34m01111110111100001101011001001111100001101010010101110000111100000110011
[38;2;24;27;34m01010011010111110101110110111101[38;2;26;28;35m1[38;2;27;28;35m00[38;2;25;27;34m1[38;2;24;27;34m11110100110000100100100001001101101
[38;2;24;27;34m001001110011000001011011110[38;2;27;30;37m1[38;2;26;29;36m0[38;2;51;53;59m1[38;2;91;94;98m1[38;2;115;117;121m1[38;2;130;131;135m0[38;2;125;127;131m1[38;2;43;45;50m0[38;2;30;30;35m0[38;2;26;28;35m1[38;2;24;27;34m1100000001010101001000101001110110
[38;2;24;27;34m0001010111011011000000010[38;2;54;57;63m0[38;2;171;171;174m1[38;2;240;240;241m1[38;2;239;239;239m1[38;2;248;248;248m1[38;2;182;184;185m1[38;2;154;155;157m1[38;2;236;237;237m0[38;2;168;169;172m0[38;2;31;33;40m0[38;2;24;27;34m0[38;2;28;29;35m0[38;2;24;27;34m1110000110111100111100101100101101
[38;2;24;27;34m011100111010110001000001[38;2;30;29;36m0[38;2;106;60;66m0[38;2;139;88;93m0[38;2;166;162;164m1[38;2;235;235;236m1[38;2;255;255;255m1[38;2;254;254;254m1[38;2;196;197;198m1[38;2;88;90;96m0[38;2;28;31;37m0[38;2;24;27;34m1000001110101011101111101001010100101
[38;2;24;27;34m11001101100111100100[38;2;25;27;34m1[38;2;31;29;36m0[38;2;69;41;47m1[38;2;125;59;64m0[38;2;165;71;76m0[38;2;146;65;70m0[38;2;113;55;60m0[38;2;60;40;46m1[38;2;111;114;117m1[38;2;175;176;178m0[38;2;129;131;135m1[38;2;49;52;58m0[38;2;24;27;34m100100010000000111101101111000100000100
[38;2;24;27;34m010100111001011111[38;2;38;32;38m0[38;2;76;43;49m0[38;2;123;58;63m0[38;2;147;66;70m1[38;2;124;58;63m1[38;2;73;43;49m0[38;2;32;30;37m0[38;2;24;27;34m1011011010010011010100110001111011101001101001
[38;2;24;27;34m001100100101101[38;2;30;29;36m1[38;2;78;44;49m0[38;2;126;59;64m11[38;2;95;49;55m0[38;2;56;37;43m1[38;2;31;29;36m1[38;2;24;27;34m0000001001101111110001010101101101011001111110100
[38;2;24;27;34m10100001001[38;2;25;27;34m1[38;2;40;32;38m0[38;2;69;41;47m1[38;2;104;52;57m1[38;2;111;54;59m1[38;2;71;41;48m0[38;2;31;29;36m0[38;2;25;27;34m0[38;2;24;27;34m0000010100111111101000010000110111110001010110111001
[38;2;24;27;34m000011011[38;2;33;30;37m0[38;2;58;37;44m0[38;2;74;43;48m1[38;2;73;42;48m0[38;2;53;36;43m1[38;2;28;28;35m0[38;2;24;27;34m10110110011101000011011110110010000010101010110011110010
[38;2;24;27;34m10000011[38;2;29;28;35m1[38;2;42;32;38m0[38;2;32;29;36m1[38;2;25;27;34m0[38;2;24;27;34m111110000101110101100111011000110011[38;2;25;28;35m1[38;2;24;27;34m1010110100100010001011
[38;2;24;27;34m0011010000111001000111101111100011100110011100[38;2;27;31;37m1[38;2;33;36;43m0[38;2;30;32;39m1[38;2;24;27;34m0011000101011111111000
[38;2;24;27;34m01000100100110111000010010000011011110111101[38;2;26;29;36m1[38;2;47;49;56m1[38;2;40;43;50m0[38;2;27;30;37m1[38;2;24;27;34m00110101110100111100101
[0m
