[38;2;24;27;34m1100111010110011110101001100101001011100100001111111001101101011001010[38;2;23;26;33m1
[38;2;24;27;34m10101000101100101010001010010001100111110111110110101101101110000111011
[38;2;24;27;34m11100111010011111010111101111110100001000001111001001100011111001111010
[38;2;24;27;34m010101100000110011100111111001101101101010001110[38;2;34;36;43m0[38;2;24;27;34m1110011110010111001000
[38;2;24;27;34m10101101001001011011000011010111010110010[38;2;26;29;36m1[38;2;30;32;39m1[38;2;30;34;40m0[38;2;29;32;39m0[38;2;25;28;35m10[38;2;55;57;63m1[38;2;102;105;109m0[38;2;24;27;34m1100111011101110110101
[38;2;24;27;34m10101111010001101101000111011110[38;2;32;35;42m1[38;2;50;53;59m1[38;2;59;61;67m1[38;2;49;52;58m0[38;2;31;34;41m1[38;2;24;27;34m0[38;2;26;29;36m0[38;2;33;36;43m1[38;2;32;35;42m1[38;2;29;32;39m1[38;2;25;28;35m1[38;2;24;27;34m0[38;2;34;37;43m1[38;2;56;59;65m1[38;2;84;86;91m1[38;2;79;81;86m0[38;2;25;28;35m0[38;2;24;27;34m0001110111001011010100
[38;2;24;27;34m01010101000100000001110001110[38;2;32;35;41m1[38;2;87;89;95m0[38;2;119;121;125m1[38;2;119;120;124m0[38;2;103;105;110m1[38;2;98;101;105m1[38;2;121;123;126m0[38;2;138;139;143m1[38;2;134;135;138m0[38;2;58;61;67m0[38;2;33;36;42m0[38;2;43;45;52m0[38;2;49;51;58m1[38;2;70;72;77m1[38;2;84;86;92m1[38;2;67;69;74m1[38;2;48;50;57m0[38;2;27;30;37m1[38;2;30;33;40m1[38;2;36;38;45m0[38;2;24;27;34m1001100000001001000110
[38;2;24;27;34m110001110100001111111001101[38;2;40;43;49m0[38;2;100;102;106m0[38;2;117;118;122m0[38;2;63;66;71m0[38;2;35;37;44m0[38;2;31;34;41m1[38;2;43;46;52m0[38;2;53;56;62m1[38;2;57;60;65m1[38;2;62;64;70m0[38;2;68;71;77m0[38;2;74;77;83m1[38;2;65;67;73m0[38;2;52;55;61m0[38;2;49;52;58m0[38;2;53;56;62m1[38;2;61;63;69m0[38;2;78;81;86m0[38;2;91;93;98m1[38;2;98;100;104m1[38;2;108;109;114m0[38;2;107;109;113m0[38;2;78;80;85m1[38;2;54;56;62m0[38;2;39;42;48m1[38;2;29;32;39m1[38;2;24;27;34m101111100011001011
[38;2;24;27;34m1100011100111101000111010[38;2;31;34;41m0[38;2;84;87;92m1[38;2;100;102;107m1[38;2;53;55;61m1[38;2;37;39;46m1[38;2;38;41;47m1[38;2;39;41;48m0[38;2;40;42;49m0[38;2;32;35;41m0[38;2;25;28;35m0[38;2;24;27;34m0011[38;2;31;34;41m0[38;2;32;35;42m0[38;2;30;33;40m0[38;2;29;32;39m1[38;2;29;32;38m1[38;2;29;32;39m1[38;2;31;33;40m0[38;2;32;35;41m0[38;2;30;33;40m1[38;2;32;35;41m1[38;2;59;61;67m1[38;2;88;90;95m1[38;2;108;110;114m0[38;2;121;122;126m1[38;2;120;122;126m1[38;2;104;106;110m0[38;2;47;49;56m0[38;2;24;27;34m111011101101001
[38;2;24;27;34m10010001100000100010010[38;2;25;28;35m0[38;2;59;61;67m0[38;2;88;90;95m1[38;2;47;50;55m0[38;2;28;30;37m1[38;2;27;30;37m1[38;2;25;28;35m0[38;2;24;27;34m11101001110[38;2;25;28;35m0[38;2;26;29;36m111[38;2;25;28;35m0[38;2;24;27;34m011011[38;2;26;29;36m0[38;2;38;41;48m0[38;2;108;110;114m1[38;2;215;216;218m0[38;2;38;41;48m0[38;2;29;32;39m0[38;2;30;33;40m0[38;2;29;32;39m0[38;2;25;29;35m1[38;2;24;27;34m1000010011
[38;2;24;27;34m1111111111010100110110[38;2;37;40;47m0[38;2;71;74;79m0[38;2;51;54;60m1[38;2;24;27;34m1111011110001100000101111010[38;2;26;29;36m0[38;2;150;152;155m0[38;2;151;153;157m0[38;2;59;63;69m1[38;2;48;51;58m0[38;2;45;49;56m1[38;2;65;69;75m0[38;2;78;82;88m1[38;2;56;60;66m0[38;2;33;36;43m1[38;2;24;27;34m00111001
[38;2;24;27;34m10000100000101010110[38;2;25;28;35m0[38;2;47;50;55m1[38;2;49;52;58m1[38;2;27;30;37m0[38;2;24;27;34m11100100100000110000000000100[38;2;34;36;43m1[38;2;129;132;136m0[38;2;131;133;137m1[38;2;153;155;158m0[38;2;170;171;173m1[38;2;75;78;83m1[38;2;56;59;65m1[38;2;44;47;54m1[38;2;51;55;62m0[38;2;56;61;69m0[38;2;28;31;38m1[38;2;24;27;34m1001000
[38;2;24;27;34m1000011100011001000[38;2;28;31;38m1[38;2;42;44;50m0[38;2;28;31;38m1[38;2;24;27;34m010111110010010010101111[38;2;26;29;36m0[38;2;29;32;39m0[38;2;34;36;43m0[38;2;35;38;45m1[38;2;39;41;48m0[38;2;42;44;51m0[38;2;52;55;61m1[38;2;70;73;78m1[38;2;110;113;118m1[38;2;128;130;134m11[38;2;50;53;59m0[38;2;27;31;38m1[38;2;28;32;39m0[38;2;36;39;47m0[38;2;55;59;66m1[38;2;47;51;59m1[38;2;25;28;35m1[38;2;24;27;34m1000111
[38;2;24;27;34m010100001100011001[38;2;25;28;35m1[38;2;26;29;35m0[38;2;24;27;34m0011000001111011101[38;2;26;29;36m1[38;2;32;35;41m1[38;2;34;36;43m1[38;2;37;40;46m1[38;2;41;44;50m0[38;2;46;49;56m0[38;2;53;56;61m1[38;2;54;56;62m1[38;2;51;54;60m0[38;2;53;56;62m1[38;2;50;52;59m0[38;2;55;58;64m1[38;2;55;57;63m0[38;2;49;52;58m0[38;2;43;46;52m1[38;2;31;34;41m1[38;2;35;39;46m1[38;2;43;47;54m1[38;2;46;50;56m1[38;2;45;49;57m1[38;2;46;49;56m0[38;2;42;46;53m1[38;2;33;36;43m1[38;2;25;28;35m0[38;2;24;27;34m00001001
[38;2;24;27;34m01011100000101111000101000000010001[38;2;24;28;34m0[38;2;26;28;35m1[38;2;27;29;36m0[38;2;30;33;39m0[38;2;31;34;41m0[38;2;29;31;38m1[38;2;28;31;37m0[38;2;28;31;38m1[38;2;27;30;36m1[38;2;24;27;34m010101001001010010100001100
[38;2;24;27;34m00110110100001101010011011111110011110011110011111111101100101001000010
[38;2;24;27;34m00000000000100011000001011001110001010111100001110011001010100100110110
[38;2;24;27;34m10001110001011101010101010000111101110010010111110000011101111001011010
[38;2;24;27;34m10110010110101011010100100111110000100001110101000101001111111010110000
[38;2;24;27;34m01010011111011101000001100000110001011011100100111110000000010111001010
[38;2;24;27;34m01111010100110001100100000000000010001001111011000100100000110111101011
[38;2;24;27;34m01100110001000010111101011101010111001001111100011100010110010011010110
[0m
