[38;2;24;27;34m0110101100101011011111000101000010110100110011110111010000000000111001[38;2;23;26;33m0
[38;2;24;27;34m01010110001000100111010001111100100101000010101001111100101101010101001
[38;2;24;27;34m00000001000000001101001111010101111010100110011001101001011001001110010
[38;2;24;27;34m0001000101000011010011100000111010111111111110[38;2;42;44;51m0[38;2;28;31;38m0[38;2;24;27;34m00001000000001110010111
[38;2;24;27;34m1001101100110101110101101001110100111101111000[38;2;94;96;101m1[38;2;63;66;71m0[38;2;24;27;34m00100000111010001100001
[38;2;24;27;34m11000000001000111110100010100101001111[38;2;25;29;35m0[38;2;26;29;36m11111[38;2;36;39;45m0[38;2;67;70;75m1[38;2;85;87;92m1[38;2;26;29;35m1[38;2;24;27;34m11000110110111101001011
[38;2;24;27;34m00010101010000000000101100100[38;2;34;37;43m1[38;2;78;81;86m1[38;2;105;107;111m1[38;2;113;115;119m0[38;2;121;122;126m1[38;2;112;113;118m1[38;2;78;80;85m1[38;2;50;53;59m1[38;2;33;36;43m0[38;2;27;30;36m0[38;2;25;28;35m1[38;2;24;27;34m0[38;2;34;37;44m1[38;2;53;56;61m1[38;2;61;63;69m0[38;2;60;63;68m0[38;2;41;44;50m1[38;2;28;31;37m0[38;2;24;27;34m100001011011101110011001
[38;2;24;27;34m11110001111000010011111101[38;2;28;31;38m0[38;2;61;63;69m1[38;2;105;107;112m1[38;2;101;102;107m0[38;2;58;61;67m0[38;2;34;37;44m1[38;2;32;35;42m1[38;2;36;38;45m0[38;2;54;56;63m0[38;2;98;99;104m1[38;2;135;137;140m0[38;2;155;156;159m1[38;2;150;151;154m0[38;2;137;138;141m1[38;2;89;91;95m0[38;2;84;86;91m0[38;2;76;78;83m1[38;2;75;77;83m1[38;2;66;68;74m0[38;2;48;51;57m1[38;2;42;46;51m1[38;2;33;36;42m0[38;2;25;28;35m0[38;2;24;27;34m0010000100000100001110
[38;2;24;27;34m101011110010001010000011[38;2;25;28;35m1[38;2;59;62;67m1[38;2;91;93;97m1[38;2;66;69;75m1[38;2;27;30;37m1[38;2;27;30;36m0[38;2;31;34;40m1[38;2;35;38;44m0[38;2;35;38;45m0[38;2;35;38;44m0[38;2;35;38;45m1[38;2;29;32;38m1[38;2;26;29;36m0[38;2;27;30;36m1[38;2;26;29;36m0[38;2;24;27;34m1110[38;2;27;29;36m0[38;2;41;44;50m1[38;2;63;66;71m0[38;2;77;80;85m1[38;2;88;90;95m0[38;2;98;100;105m0[38;2;95;97;101m0[38;2;84;86;91m1[38;2;61;64;70m1[38;2;34;37;44m0[38;2;24;27;34m111000111101001000
[38;2;24;27;34m00111000010100000001001[38;2;39;42;48m0[38;2;79;82;87m1[38;2;54;57;63m0[38;2;27;30;37m0[38;2;24;27;34m00[38;2;25;28;35m0[38;2;24;27;34m00100101[38;2;25;28;35m0[38;2;25;29;35m0[38;2;26;29;36m0000[38;2;25;28;35m0[38;2;24;28;34m0[38;2;24;27;34m11[38;2;26;29;36m1[38;2;36;39;46m0[38;2;52;55;61m1[38;2;83;85;90m1[38;2;123;125;128m0[38;2;154;155;158m0[38;2;44;47;53m0[38;2;24;27;34m0[38;2;25;28;35m11[38;2;24;27;34m0111010010101
[38;2;24;27;34m100100001110110100111[38;2;28;31;38m0[38;2;51;53;59m0[38;2;55;57;62m1[38;2;25;28;35m1[38;2;24;27;34m100001100011110001000010[38;2;35;37;44m1[38;2;110;112;117m0[38;2;91;95;101m1[38;2;100;104;110m1[38;2;207;207;209m0[38;2;93;95;99m0[38;2;38;41;48m00[38;2;37;41;48m1[38;2;39;43;49m0[38;2;44;47;54m0[38;2;44;47;53m0[38;2;40;42;49m0[38;2;33;36;42m1[38;2;24;27;34m00011100
[38;2;24;27;34m00010101000110101100[38;2;31;34;41m0[38;2;43;46;52m0[38;2;29;32;39m1[38;2;24;27;34m01001110001110001110110010[38;2;30;32;39m0[38;2;101;103;107m0[38;2;170;171;173m0[38;2;213;213;214m1[38;2;162;163;166m0[38;2;109;111;116m0[38;2;103;105;109m1[38;2;67;69;75m1[38;2;67;70;75m0[38;2;67;70;76m0[38;2;64;67;72m1[38;2;68;71;77m1[38;2;72;75;81m0[38;2;58;61;66m0[38;2;27;30;37m1[38;2;24;27;34m0011100
[38;2;24;27;34m0111101110101111101[38;2;26;29;36m10[38;2;24;27;34m101101101000101100100110011100[38;2;33;37;42m0[38;2;67;70;77m1[38;2;53;56;62m0[38;2;93;95;100m1[38;2;155;157;159m0[38;2;62;65;70m0[38;2;27;30;37m1[38;2;24;27;34m01[38;2;32;36;42m0[38;2;50;55;61m1[38;2;24;28;34m1[38;2;24;27;34m00001010
[38;2;24;27;34m10110000101001100001010101100000010011110[38;2;25;28;35m0[38;2;28;31;37m0[38;2;33;35;42m0[38;2;34;37;43m1[38;2;38;40;47m0[38;2;41;44;50m0[38;2;50;53;59m1[38;2;52;55;60m1[38;2;62;65;71m0[38;2;61;63;69m1[38;2;66;68;74m0[38;2;73;76;81m0[38;2;84;87;92m0[38;2;65;68;73m0[38;2;34;37;44m1[38;2;30;33;40m10[38;2;33;36;43m0[38;2;38;42;49m0[38;2;43;47;54m0[38;2;29;33;39m0[38;2;24;27;34m101101000
[38;2;24;27;34m10011011010110000001110010100101010000[38;2;25;28;35m1[38;2;26;29;35m0[38;2;27;30;36m0[38;2;29;32;38m1[38;2;31;33;40m1[38;2;27;30;37m0[38;2;28;31;38m00[38;2;27;30;37m0[38;2;26;29;36m1[38;2;24;27;34m01001[38;2;25;28;35m0[38;2;28;31;38m1[38;2;31;34;41m0[38;2;33;36;43m0[38;2;33;36;42m1[38;2;30;33;40m0[38;2;27;30;37m0[38;2;24;27;34m01100101001
[38;2;24;27;34m10010010111000010001011011001111111000011010010100110000101000011011010
[38;2;24;27;34m00100000000101001110100110111101011111111001011000111010111110010011000
[38;2;24;27;34m01110000101100011000111010111101001110111101011111101001011000000010011
[38;2;24;27;34m11011000100001011000111001010100101001110110101110111001011000011011011
[38;2;24;27;34m01000101000100010100111011110011001110001101111000011000000001101110101
[38;2;24;27;34m01100000100111001100011110010110011001101011111011010001101111101110010
[38;2;24;27;34m00110101011101110010111111110111000001110000001011011100101100101001001
[0m
