[38;2;23;26;33m1011101000010001101010001000110000011011110110110110111110010001001011[38;2;23;25;32m1
[38;2;23;26;33m01011101100001111111110110000111011010001000101110110110110010000100100
[38;2;23;26;33m10100111010110110010110001000110110111010111011011110011000011111010000
[38;2;23;26;33m10111101010110111001011011000000100001101001[38;2;34;36;43m0[38;2;24;27;34m1[38;2;23;26;33m0011010000111100100010001
[38;2;23;26;33m01001010010101110110011100100110100011000000[38;2;66;69;74m0[38;2;104;105;110m1[38;2;23;26;33m1110001000011101000100011
[38;2;23;26;33m0010011111000100000001111001011100100001000[38;2;24;27;34m0[38;2;55;58;64m1[38;2;91;93;98m1[38;2;23;26;33m1001111111111001011010011
[38;2;23;26;33m11111111100010010111011100000[38;2;24;27;34m1[38;2;42;45;51m1[38;2;55;57;63m1[38;2;37;39;46m1[38;2;23;26;33m01100011[38;2;27;30;36m0[38;2;50;53;59m0[38;2;64;65;71m0[38;2;52;54;60m1[38;2;24;27;34m0[38;2;23;26;33m1011100000111101011010011
[38;2;23;26;33m00000011011011010110001111[38;2;34;37;44m1[38;2;71;74;79m1[38;2;96;98;102m0[38;2;98;100;105m1[38;2;83;85;91m0[38;2;74;77;82m0[38;2;104;106;111m0[38;2;120;122;126m0[38;2;121;123;127m1[38;2;117;119;123m1[38;2;110;112;116m0[38;2;96;98;103m0[38;2;92;94;99m1[38;2;105;106;111m1[38;2;128;130;133m0[38;2;136;137;141m1[38;2;47;49;56m0[38;2;26;29;36m1[38;2;23;26;33m101011001000110001100001100
[38;2;23;26;33m101011111110001001101010[38;2;37;40;47m0[38;2;74;76;82m1[38;2;77;80;85m1[38;2;45;48;54m0[38;2;24;27;34m1[38;2;23;26;33m0[38;2;24;27;33m0[38;2;25;28;35m1[38;2;27;30;36m0[38;2;30;33;40m0[38;2;34;36;43m1[38;2;38;41;47m0[38;2;51;54;60m0[38;2;55;57;63m1[38;2;57;60;66m0[38;2;61;63;69m0[38;2;67;70;76m1[38;2;74;77;82m0[38;2;60;62;68m1[38;2;67;70;75m1[38;2;71;74;79m0[38;2;68;70;76m0[38;2;64;66;72m1[38;2;48;51;57m0[38;2;28;31;38m0[38;2;23;26;33m1110111001110110001010
[38;2;23;26;33m0001110000100010100101[38;2;26;28;35m0[38;2;60;62;67m0[38;2;61;64;70m1[38;2;32;34;41m0[38;2;23;26;33m001001001111100110[38;2;25;28;35m0[38;2;34;37;43m1[38;2;43;46;52m1[38;2;74;76;81m0[38;2;107;108;113m1[38;2;107;109;113m0[38;2;110;112;116m0[38;2;79;81;86m1[38;2;30;33;40m1[38;2;23;26;33m101111111100000110
[38;2;23;26;33m101000110101010010010[38;2;34;37;44m0[38;2;49;51;58m0[38;2;27;30;37m0[38;2;23;26;33m10000101110100010011111[38;2;101;103;107m0[38;2;215;215;216m1[38;2;85;89;93m1[38;2;98;102;107m1[38;2;137;139;142m1[38;2;176;178;180m1[38;2;38;40;47m0[38;2;30;32;39m00[38;2;29;32;39m1[38;2;27;31;38m0[38;2;26;29;36m1[38;2;23;26;33m001100111100
[38;2;23;26;33m10011101100010100011[38;2;26;30;36m0[38;2;27;30;37m1[38;2;23;26;33m1110111100001011001000110[38;2;41;44;51m0[38;2;135;137;140m0[38;2;210;210;211m0[38;2;235;235;236m1[38;2;183;184;186m0[38;2;106;109;114m0[38;2;37;39;45m1[38;2;24;27;34m11[38;2;44;46;53m1[38;2;62;65;70m0[38;2;63;66;71m1[38;2;70;73;79m1[38;2;62;65;71m1[38;2;66;68;74m1[38;2;54;57;63m0[38;2;24;27;34m0[38;2;23;26;33m1011100
[38;2;23;26;33m101001111101001101111000011010000111111001101000[38;2;26;29;36m1[38;2;38;41;47m1[38;2;84;87;92m1[38;2;103;105;109m0[38;2;110;112;116m0[38;2;134;136;139m0[38;2;160;161;164m1[38;2;67;70;75m1[38;2;44;47;53m0[38;2;26;29;36m1[38;2;25;28;35m1[38;2;27;30;37m0[38;2;40;43;50m0[38;2;27;30;37m0[38;2;50;53;59m0[38;2;62;64;70m1[38;2;23;26;33m0111101
[38;2;23;26;33m00011101011101100010011001000101110101000111[38;2;24;27;34m1[38;2;25;28;35m1[38;2;31;34;41m1[38;2;35;38;44m0[38;2;42;45;51m1[38;2;43;46;52m1[38;2;62;65;71m0[38;2;71;73;78m0[38;2;79;81;87m0[38;2;81;83;88m1[38;2;35;38;44m0[38;2;23;26;33m110[38;2;25;28;35m1[38;2;33;36;43m1[38;2;29;32;39m1[38;2;23;26;33m0011100101
[38;2;23;26;33m101000011100010101111001010110101010011100[38;2;24;27;34m0[38;2;26;28;35m1[38;2;29;32;38m1[38;2;32;35;41m1[38;2;29;32;39m1[38;2;28;30;37m1[38;2;30;33;40m00[38;2;31;34;41m0[38;2;30;33;40m1[38;2;31;34;41m0[38;2;30;33;40m110101[38;2;25;28;35m0[38;2;23;26;33m01101110101
[38;2;23;26;33m01011010110110110010111111000000110010111001110101101101111011101000110
[38;2;23;26;33m11010100101011011010011001001111001111011101001101001001100001110001100
[38;2;23;26;33m11111011001011011100111110011001001010110101001011000000101001011010000
[38;2;23;26;33m10101010110110010011011110101001110100110011100001000011001100100011111
[38;2;23;26;33m01001001101011001101100111000110111111111111111111111011001101110101010
[38;2;23;26;33m01110010000110111110111110100001001010010100000010101100011001010101100
[38;2;23;26;33m01010111000001100110010001011000101100101010100100110110011001001111010
[0m
