[38;2;23;25;32m00001101101000001111001010101110100100000111111111000101100011101010110
[38;2;23;25;32m10001100100110010111010100010000001111110011010110010101100101101111111
[38;2;23;25;32m10110010001110101111111001011111110101010101110100110111011111101011010
[38;2;23;25;32m00010010001011111111001110011001010010011001010010101011001110011100001
[38;2;23;25;32m10111100011011101100000111001000010010101[38;2;35;38;44m1[38;2;75;76;82m0[38;2;80;82;87m0[38;2;29;31;38m1[38;2;23;25;32m11000100010000100110111010
[38;2;23;25;32m0010110001000111001010011100011100110111110[38;2;70;72;77m1[38;2;71;73;78m1[38;2;23;25;32m10101110010101010110011000
[38;2;23;25;32m01011000100101111010101111110100100100101[38;2;29;31;38m1[38;2;56;58;64m0[38;2;63;65;71m0[38;2;24;26;33m0[38;2;23;25;32m11100001110100011000101000
[38;2;23;25;32m1111011100110000100101011[38;2;25;27;33m0[38;2;36;38;44m1[38;2;62;64;70m0[38;2;85;87;92m1[38;2;90;91;97m0[38;2;99;101;106m0[38;2;96;97;102m1[38;2;69;71;77m0[38;2;49;51;57m0[38;2;42;44;50m1[38;2;38;39;46m1[38;2;36;38;44m0[38;2;35;37;44m1[38;2;43;45;51m0[38;2;58;60;66m0[38;2;65;67;72m0[38;2;71;73;78m1[38;2;70;72;78m0[38;2;38;40;46m1[38;2;23;25;32m110110011101100110110001101
[38;2;23;25;32m11101001111111000011010[38;2;25;27;34m1[38;2;52;54;60m0[38;2;73;74;79m0[38;2;65;67;73m0[38;2;43;45;52m1[38;2;25;27;34m0[38;2;23;25;32m01[38;2;32;34;41m0[38;2;59;61;67m0[38;2;80;82;88m1[38;2;91;93;98m1[38;2;99;101;105m1[38;2;102;103;108m0[38;2;106;107;111m1[38;2;124;125;129m0[38;2;126;128;132m1[38;2;136;137;140m1[38;2;132;133;136m1[38;2;120;122;126m1[38;2;60;62;67m1[38;2;25;27;34m0[38;2;23;25;32m1[38;2;24;26;32m0[38;2;23;25;32m000000001001110100101101
[38;2;23;25;32m1001100011001100010011[38;2;39;40;47m1[38;2;55;57;62m0[38;2;40;42;48m0[38;2;25;27;34m0[38;2;23;25;32m00000110001011[38;2;26;28;35m0[38;2;31;33;40m1[38;2;35;37;44m1[38;2;50;51;57m0[38;2;64;66;72m0[38;2;72;73;79m1[38;2;169;170;172m1[38;2;117;118;122m0[38;2;47;49;55m0[38;2;36;39;45m1[38;2;28;31;37m0[38;2;24;26;33m1[38;2;23;25;32m0001101100110111110
[38;2;23;25;32m00100100010100111101[38;2;23;26;33m1[38;2;31;33;40m0[38;2;32;34;41m1[38;2;23;25;32m1100110011101010000010[38;2;40;43;49m1[38;2;207;209;210m1[38;2;120;122;125m0[38;2;150;152;155m0[38;2;191;192;194m0[38;2;146;148;151m1[38;2;64;68;72m0[38;2;39;42;48m0[38;2;24;26;33m100[38;2;23;25;32m101001001001101
[38;2;23;25;32m10111101101100000001[38;2;23;26;32m0[38;2;23;25;32m10000011100011000110001[38;2;27;29;36m0[38;2;58;62;67m1[38;2;112;115;119m0[38;2;186;187;188m0[38;2;211;211;212m1[38;2;147;148;151m1[38;2;189;189;191m0[38;2;79;82;86m1[38;2;58;62;67m0[38;2;27;29;36m0[38;2;24;26;33m11[38;2;26;28;35m0[38;2;34;36;43m0[38;2;39;41;47m1[38;2;28;30;37m0[38;2;23;25;32m01010000100
[38;2;23;25;32m001001101111001010011010001101011010001001100[38;2;35;38;44m1[38;2;51;56;60m1[38;2;73;76;81m0[38;2;139;142;144m1[38;2;176;177;179m1[38;2;132;134;137m0[38;2;114;117;121m1[38;2;112;114;118m0[38;2;69;71;76m0[38;2;57;59;65m11[38;2;56;57;63m0[38;2;48;50;56m1[38;2;48;51;57m0[38;2;56;58;64m1[38;2;68;69;75m0[38;2;79;81;86m1[38;2;51;53;59m0[38;2;23;25;32m10010100
[38;2;23;25;32m0100000001110100110001100110110100010010001110[38;2;23;26;33m1[38;2;27;29;36m0[38;2;31;34;40m0[38;2;37;39;46m0[38;2;51;53;59m1[38;2;70;72;78m1[38;2;103;104;109m1[38;2;55;57;62m0[38;2;24;26;33m0[38;2;23;25;32m001[38;2;25;28;35m0[38;2;25;27;34m0[38;2;23;25;32m0[38;2;26;28;35m1[38;2;89;91;96m0[38;2;36;38;44m1[38;2;23;25;32m1110011
[38;2;23;25;32m01110001011011110000011001000011110000001111[38;2;23;26;33m1[38;2;25;27;34m1[38;2;30;31;38m1[38;2;36;38;44m0[38;2;41;43;50m1[38;2;45;47;53m0[38;2;40;42;48m1[38;2;34;36;43m1[38;2;24;26;33m0[38;2;23;25;32m110[38;2;24;26;33m0[38;2;25;27;34m0[38;2;24;27;34m1[38;2;23;25;32m110100100101
[38;2;23;25;32m001011100101000011101010101001110100100110100110010[38;2;23;26;33m0[38;2;24;26;33m010[38;2;24;27;34m1[38;2;23;25;32m000100111000001
[38;2;23;25;32m00010010000100000011010101100110101111000000010001010011100000101011101
[38;2;23;25;32m01100001100110100110011001000010101000011100011001001010000110101000001
[38;2;23;25;32m00001011011010100101100101000010000111001001001010100101110010010010111
[38;2;23;25;32m11001101100101011100011101111100000111011001111010110011111110111110000
[38;2;23;25;32m11111000010010100001110011000000111110111110100001000110000111000101110
[38;2;23;25;32m00111001011101011000011001010001111010001011011110100111010101011100111
[0m
