[38;2;22;24;30m1101110010101001101011110010110000100000000100110101011100010111010100[38;2;23;25;31m1
[38;2;22;24;30m11111010100101000110111010001110000010001111001001111101010010100110011
[38;2;22;24;30m01011010011000001011011011001100000110000000111111101010111111011001110
[38;2;22;24;30m01110101010001010010001011010101110001101010001011011110100100110011001
[38;2;22;24;30m000110101001111001011001111010110010111[38;2;28;30;35m1[38;2;50;52;57m0[38;2;41;43;49m0[38;2;24;26;32m0[38;2;22;24;30m1010011011100001000111001110
[38;2;22;24;30m010100000110001111011100001111110011010[38;2;28;30;36m0[38;2;45;47;53m1[38;2;51;53;58m1[38;2;105;106;110m1[38;2;22;24;30m0011000010011010000101111100
[38;2;22;24;30m10101000111010110101100100111001001010101[38;2;42;44;49m1[38;2;71;72;77m0[38;2;22;24;30m1001010001111111101111011001
[38;2;22;24;30m0110100000001000011001001[38;2;23;25;31m0[38;2;32;34;39m1[38;2;40;42;47m0[38;2;51;53;58m1[38;2;44;46;51m1[38;2;34;36;42m0[38;2;26;28;34m1[38;2;22;24;30m00110[38;2;23;25;31m0[38;2;25;27;33m0[38;2;40;41;47m1[38;2;48;50;55m0[38;2;41;43;48m1[38;2;37;38;44m1[38;2;45;47;52m1[38;2;32;34;39m0[38;2;22;24;30m01111000010010101010100111
[38;2;22;24;30m01011001000101000010101[38;2;30;32;38m0[38;2;52;53;58m0[38;2;64;65;71m1[38;2;60;61;67m0[38;2;56;58;63m0[38;2;49;51;56m0[38;2;67;68;73m1[38;2;79;80;85m1[38;2;88;90;94m1[38;2;91;93;97m1[38;2;88;89;93m0[38;2;88;90;94m1[38;2;90;92;96m1[38;2;95;96;100m1[38;2;105;106;110m0[38;2;116;118;121m1[38;2;117;119;122m1[38;2;119;120;124m1[38;2;124;125;128m1[38;2;125;126;130m0[38;2;120;121;124m1[38;2;54;55;61m0[38;2;55;56;62m1[38;2;72;73;78m0[38;2;22;24;30m110001010100111100100010
[38;2;22;24;30m000110001101100000001[38;2;23;25;31m1[38;2;40;42;47m1[38;2;42;44;49m0[38;2;30;32;38m0[38;2;22;24;30m0101110[38;2;24;26;32m1[38;2;28;30;36m0[38;2;33;35;41m0[38;2;36;38;44m0[38;2;37;39;45m11[38;2;39;41;46m0[38;2;43;44;50m01[38;2;45;47;52m1[38;2;49;51;56m0[38;2;51;53;58m0[38;2;40;42;47m1[38;2;205;206;207m1[38;2;99;101;105m0[38;2;26;28;34m0[38;2;30;32;38m1[38;2;23;25;31m1[38;2;22;24;30m000100110110110110001
[38;2;22;24;30m100100011000001010011[38;2;24;27;33m1[38;2;22;24;30m101000110011110110100[38;2;30;32;38m1[38;2;96;98;103m1[38;2;220;220;221m1[38;2;92;94;98m1[38;2;150;151;155m0[38;2;213;214;215m1[38;2;62;63;70m1[38;2;46;48;55m1[38;2;32;33;40m0[38;2;22;24;30m1111011100011001101
[38;2;22;24;30m110101010000100111001001001001000100111010[38;2;23;26;32m1[38;2;55;57;64m01[38;2;184;184;186m1[38;2;84;85;89m1[38;2;214;214;215m0[38;2;96;98;102m1[38;2;139;140;144m1[38;2;43;44;51m0[38;2;58;59;67m0[38;2;30;32;38m0[38;2;22;24;30m111011101001110011
[38;2;22;24;30m011000111101101000111110100011010111011101[38;2;22;25;31m1[38;2;49;51;57m1[38;2;54;55;62m0[38;2;49;51;57m0[38;2;154;155;157m1[38;2;212;213;214m0[38;2;159;160;162m0[38;2;75;76;81m0[38;2;64;67;72m1[38;2;70;72;77m1[38;2;33;35;41m0[38;2;36;38;44m1[38;2;48;50;55m1[38;2;49;51;56m1[38;2;55;56;62m0[38;2;56;58;64m0[38;2;57;60;64m0[38;2;58;60;65m0[38;2;37;39;44m1[38;2;22;24;30m0101111100
[38;2;22;24;30m0101110110011011010111010010010010101110111[38;2;23;25;31m1[38;2;34;36;42m1[38;2;90;91;97m0[38;2;85;87;92m0[38;2;57;60;66m1[38;2;77;79;84m0[38;2;80;81;87m1[38;2;95;96;100m1[38;2;130;131;134m0[38;2;51;53;58m0[38;2;35;37;42m0[38;2;23;25;31m1[38;2;22;24;30m0110[38;2;30;32;38m0[38;2;71;72;77m1[38;2;84;85;90m1[38;2;23;25;31m1[38;2;22;24;30m11100000
[38;2;22;24;30m010000010110010101101100001100100000010100010[38;2;24;26;32m0[38;2;23;26;32m1[38;2;29;30;36m1[38;2;41;42;47m1[38;2;49;51;56m1[38;2;48;50;55m0[38;2;28;30;36m1[38;2;22;24;30m111111110[38;2;96;97;102m0[38;2;34;36;42m0[38;2;22;24;30m10111010
[38;2;22;24;30m11011000010101111100011100111010101111100110100100011010111000100001010
[38;2;22;24;30m11011111110000111111011101001010011100101100010001000100000101101010111
[38;2;22;24;30m01101101001001110011010100000110110101111111100001100011101101101000000
[38;2;22;24;30m01000010101100010110000001111111100001010101010010011100000110010110000
[38;2;22;24;30m01000010110011010101001000100000011000000100000111011100101001111110011
[38;2;22;24;30m11001001000001001001101101011001010001110100001110011101010010001111110
[38;2;22;24;30m11011101111101111110010001001011000000010001011110000101111001101100001
[0m
