[38;2;20;23;28m010010011001000011101011111100011111110001010111100011011010110011000[38;2;20;23;29m0[38;2;22;24;31m1
[38;2;20;23;28m00010111101000010000001101110011000001000000000111101100110001010110100
[38;2;20;23;28m10001011101110111001011000000110101111101110011000011000010101100110000
[38;2;20;23;28m11111110110100001001101010010110000010100110110010001000001110011010010
[38;2;20;23;28m01010101000000111110101000000011001111[38;2;21;24;29m010[38;2;20;23;28m100101000111000110110010010101
[38;2;20;23;28m1001011111110001001101111100000100010[38;2;21;24;29m1[38;2;68;71;75m0[38;2;62;64;68m0[38;2;66;68;72m0[38;2;51;54;58m0[38;2;20;23;28m00111010111000111100011111100
[38;2;20;23;28m0110100100110000011111100000100110011110[38;2;31;34;39m0[38;2;67;70;74m0[38;2;20;23;28m01110011010101000100100111100
[38;2;20;23;28m10000101000011011010100101[38;2;23;25;30m0[38;2;24;27;32m1[38;2;20;23;28m1000100110[38;2;23;26;31m1[38;2;36;39;43m0[38;2;45;47;52m0[38;2;22;25;30m00[38;2;30;33;38m0[38;2;41;44;48m1[38;2;28;31;36m0[38;2;21;24;29m0[38;2;20;23;28m001101010100101111001011
[38;2;20;23;28m00010110011000010110000[38;2;30;33;38m0[38;2;43;46;50m1[38;2;56;59;63m0[38;2;60;62;66m0[38;2;65;68;72m1[38;2;73;75;79m0[38;2;66;68;73m1[38;2;61;63;67m0[38;2;57;60;64m0[38;2;48;51;55m1[38;2;44;46;51m1[38;2;42;45;50m1[38;2;44;46;51m0[38;2;50;52;57m0[38;2;62;64;68m0[38;2;74;76;80m0[38;2;84;86;90m0[38;2;97;100;103m0[38;2;111;113;116m1[38;2;124;126;129m0[38;2;130;132;134m0[38;2;150;151;154m1[38;2;180;181;183m1[38;2;60;62;67m1[38;2;20;23;28m101101111000101101001101
[38;2;20;23;28m101101000001001010001[38;2;21;24;29m1[38;2;30;33;37m1[38;2;33;36;40m0[38;2;26;29;34m1[38;2;21;24;29m0[38;2;20;23;28m00[38;2;21;24;29m1[38;2;29;32;37m1[38;2;37;39;44m0[38;2;43;46;50m1[38;2;52;55;59m0[38;2;61;64;68m0[38;2;71;73;77m1[38;2;73;75;80m0[38;2;71;73;77m0[38;2;64;66;71m1[38;2;61;63;68m1[38;2;54;57;61m1[38;2;46;49;53m1[38;2;37;40;44m0[38;2;28;31;36m01[38;2;195;196;197m1[38;2;99;101;104m0[38;2;24;27;32m0[38;2;76;78;82m1[38;2;61;64;68m1[38;2;20;23;28m1000000101001001111000
[38;2;20;23;28m0010000011000000010111110100110101000011[38;2;26;28;33m0[38;2;34;36;41m0[38;2;43;45;50m1[38;2;109;111;114m0[38;2;183;184;186m1[38;2;55;58;63m0[38;2;112;114;117m1[38;2;203;203;205m0[38;2;64;66;71m0[38;2;31;34;39m0[38;2;22;25;30m0[38;2;20;23;28m10110001100100111000
[38;2;20;23;28m00000101100000010011111000101010001100011[38;2;33;36;41m0[38;2;42;45;50m0[38;2;73;75;79m0[38;2;163;163;166m1[38;2;65;67;72m1[38;2;206;206;208m1[38;2;122;123;126m1[38;2;36;38;43m1[38;2;30;33;38m1[38;2;45;48;53m0[38;2;23;26;31m0[38;2;20;23;28m0101000000011000000
[38;2;20;23;28m01000000001110111011111010100000000001111[38;2;43;45;51m0[38;2;34;36;42m1[38;2;21;24;29m1[38;2;109;112;115m1[38;2;173;174;176m0[38;2;155;156;158m0[38;2;130;131;134m1[38;2;43;45;50m1[38;2;21;24;29m1[38;2;46;50;55m0[38;2;29;32;37m0[38;2;24;27;32m0[38;2;26;29;34m1[38;2;33;36;41m0[38;2;37;39;44m0[38;2;37;40;45m1[38;2;31;34;39m1[38;2;27;30;34m0[38;2;20;23;28m001011111101
[38;2;20;23;28m01011110010010110000101101100010100100001[38;2;24;26;32m0[38;2;39;42;47m0[38;2;40;43;49m0[38;2;76;78;82m1[38;2;94;96;100m0[38;2;96;99;102m1[38;2;85;87;91m0[38;2;81;83;88m0[38;2;84;87;90m1[38;2;105;107;110m1[38;2;40;43;47m1[38;2;35;38;43m1[38;2;33;36;41m1[38;2;30;33;38m0[38;2;25;27;32m0[38;2;30;33;38m1[38;2;41;44;49m1[38;2;56;58;62m0[38;2;73;75;79m1[38;2;25;28;33m0[38;2;20;23;28m0100110011
[38;2;20;23;28m000011101010100110000101001111001100000000[38;2;32;34;39m0[38;2;112;114;117m1[38;2;44;47;52m0[38;2;29;32;38m0[38;2;29;33;38m0[38;2;30;33;38m1[38;2;38;41;45m1[38;2;60;62;67m1[38;2;38;41;46m0[38;2;21;24;29m0[38;2;20;23;28m0111110[38;2;37;40;44m1[38;2;113;114;117m0[38;2;20;23;28m1110111111
[38;2;20;23;28m001011001100110101001100010111010001011010[38;2;35;38;43m0[38;2;33;36;41m0[38;2;20;23;28m0101100011100001[38;2;95;97;100m0[38;2;20;23;28m0111001001
[38;2;20;23;28m10000110100100100101111100111110000011001111001011010110011001011010111
[38;2;20;23;28m10111011010011111001100100101011011100001100000101100000010110010111101
[38;2;20;23;28m01001100011100111000110110100100000010010000000111111100110100011100010
[38;2;20;23;28m11100111110011000100010010000111000101111011001010011001111110110011101
[38;2;20;23;28m11011001101010001100010111111011100111011001001001110011001011111101010
[38;2;20;23;28m11010100001110111110001101000001110100101101111000001000101000101111100
[0m
