[38;2;19;21;26m1101011100101010001000110110100110111100100011110001011101001110111110[38;2;21;23;29m1
[38;2;19;21;26m10001110101110010001010001111001000000000001101001000000101101000000000
[38;2;19;21;26m11101111110010110010000101010110000100010001010000011110110100100111111
[38;2;19;21;26m00100110111011000011011011011110110001101011100110000011000111101110110
[38;2;19;21;26m11110101010000100000010000110001010111001111110101101000010101010101101
[38;2;19;21;26m111110010101111001100011011001101111[38;2;34;36;41m0[38;2;57;59;63m0[38;2;52;54;58m0[38;2;42;43;48m1[38;2;22;24;29m0[38;2;19;21;26m100101110010101000100100100011
[38;2;19;21;26m111100111111101001101011011010000111[38;2;27;29;34m0[38;2;29;31;36m0[38;2;25;27;32m1[38;2;52;54;58m1[38;2;54;55;60m1[38;2;19;21;26m101000010001010111101000101110
[38;2;19;21;26m01110101001011001111111101100000100000[38;2;23;25;30m0[38;2;41;43;47m0[38;2;23;25;30m0[38;2;19;21;26m01[38;2;21;23;28m0[38;2;32;34;39m0[38;2;42;44;48m0[38;2;26;27;32m0[38;2;19;21;26m001001100100010010001100
[38;2;19;21;26m01101100011010100111001[38;2;26;28;33m0[38;2;36;38;42m0[38;2;41;43;48m0[38;2;48;50;54m0[38;2;45;47;51m0[38;2;29;30;35m1[38;2;20;22;27m1[38;2;19;21;26m100010[38;2;20;22;27m1[38;2;22;24;29m1[38;2;28;30;35m0[38;2;42;44;48m0[38;2;64;66;70m0[38;2;88;90;93m1[38;2;110;111;115m0[38;2;137;138;141m1[38;2;213;213;214m0[38;2;171;171;173m1[38;2;44;45;50m0[38;2;19;21;26m001110111010011001001010
[38;2;19;21;26m1011011010000111001100[38;2;23;25;30m1[38;2;27;29;34m1[38;2;26;28;33m1[38;2;25;27;32m0[38;2;28;30;35m1[38;2;35;37;41m1[38;2;52;53;58m0[38;2;61;63;67m0[38;2;66;67;72m1[38;2;69;70;74m0[38;2;73;75;78m0[38;2;75;77;81m0[38;2;78;79;83m0[38;2;85;86;90m1[38;2;94;95;99m1[38;2;93;95;98m0[38;2;97;98;102m1[38;2;85;86;90m1[38;2;70;72;76m1[38;2;53;55;59m0[38;2;44;46;50m0[38;2;175;176;178m1[38;2;114;115;118m1[38;2;26;28;33m1[38;2;72;72;77m1[38;2;169;170;171m0[38;2;35;37;42m1[38;2;19;21;26m1010001001111110000101
[38;2;19;21;26m1010110000100001011110000100000100000010[38;2;20;22;27m1[38;2;23;25;30m1[38;2;104;105;108m0[38;2;144;144;147m0[38;2;25;28;33m1[38;2;79;81;84m0[38;2;196;197;198m1[38;2;65;66;70m1[38;2;21;23;28m1[38;2;19;21;26m1000100010000010110000
[38;2;19;21;26m0101010100110101000010111011100111110011[38;2;28;30;35m1[38;2;29;31;36m0[38;2;131;132;134m1[38;2;88;90;93m1[38;2;61;63;68m1[38;2;198;199;200m1[38;2;72;74;78m1[38;2;22;24;29m1[38;2;27;29;34m1[38;2;29;30;35m0[38;2;19;21;26m100101000110011000100
[38;2;19;21;26m100111000011000011010110111100000101110[38;2;22;25;30m1[38;2;32;35;40m1[38;2;19;21;26m0[38;2;44;46;50m1[38;2;130;132;135m0[38;2;153;155;157m0[38;2;86;88;92m0[38;2;116;117;120m1[38;2;19;21;26m00[38;2;32;34;39m1[38;2;22;24;29m1[38;2;19;21;26m0[38;2;20;22;27m0[38;2;22;24;29m111[38;2;19;21;26m101111111001101
[38;2;19;21;26m111011001101001011101100101000011110001[38;2;20;22;27m0[38;2;31;33;38m1[38;2;24;26;31m1[38;2;19;21;26m1[38;2;58;60;64m1[38;2;141;143;145m1[38;2;117;118;122m1[38;2;78;80;84m0[38;2;44;46;51m0[38;2;46;48;52m1[38;2;51;53;57m1[38;2;31;33;38m1[38;2;36;37;42m10[38;2;31;33;38m1[38;2;32;33;38m1[38;2;36;38;43m0[38;2;45;47;52m1[38;2;50;52;56m1[38;2;29;31;36m1[38;2;19;21;26m010101100010
[38;2;19;21;26m0010111111001110100101111011001000000000[38;2;20;22;27m0[38;2;31;33;37m1[38;2;91;92;95m0[38;2;61;63;67m0[38;2;31;33;38m0[38;2;29;31;36m1[38;2;34;36;41m0[38;2;37;39;44m0[38;2;59;60;65m1[38;2;47;49;53m0[38;2;22;24;29m1[38;2;20;22;27m1[38;2;19;21;26m10110[38;2;27;29;34m1[38;2;83;85;88m1[38;2;41;43;48m0[38;2;19;21;26m00000011001
[38;2;19;21;26m10100001100110000000001100000011001010111[38;2;112;114;117m1[38;2;37;39;43m1[38;2;19;21;26m101100110000100[38;2;40;42;46m0[38;2;107;108;112m0[38;2;19;21;26m00001101010
[38;2;19;21;26m01100111111101111110101001000011111111110[38;2;85;87;91m1[38;2;20;22;27m1[38;2;19;21;26m001001011001010[38;2;39;40;45m1[38;2;44;46;51m1[38;2;19;21;26m11100000111
[38;2;19;21;26m01000110111111110001101110110011000010000010000111000111101101011001011
[38;2;19;21;26m01010010001011010101001011010010110100101111011111100101100011011110100
[38;2;19;21;26m10010101111011100111110011011110110010110111111010110001011011111011001
[38;2;19;21;26m10100111000000111010000001101110101011001010000001000111111100011111011
[38;2;19;21;26m10000100001010000110110100110000101011001100101010011111000111011110101
[0m
