[38;2;18;20;24m1111001111101111010111111011011000001110010111110000011100110110100100[38;2;20;22;27m0
[38;2;18;20;24m11101000100110110010010010011100111011011110011101101111000010000110100
[38;2;18;20;24m11100110001111100010111101110011111100111100001100010011010001000110001
[38;2;18;20;24m01100100001111111001011000000110010010001111000001000001100001011111001
[38;2;18;20;24m10011110010011011110110110100001110110001101101011000001101111101100010
[38;2;18;20;24m00111100101111000100000010010001100[38;2;29;31;34m1[38;2;33;35;39m0[38;2;30;32;36m1[38;2;20;22;26m0[38;2;18;20;24m10111011001110011011101111011000
[38;2;18;20;24m00000011111111100010001001111100100[38;2;53;55;58m0[38;2;46;48;52m0[38;2;41;43;47m1[38;2;60;61;65m0[38;2;21;23;27m1[38;2;18;20;24m1110011100101010101111011100010
[38;2;18;20;24m00110010001001001110010000010011010000[38;2;34;36;40m0[38;2;20;22;26m0[38;2;18;20;24m0101[38;2;28;30;34m1[38;2;77;79;82m0[38;2;47;48;52m0[38;2;18;20;24m111011100111101101011001
[38;2;18;20;24m10100011011101001111011[38;2;19;21;25m1[38;2;23;25;29m1[38;2;20;22;26m1[38;2;18;20;24m10100011110[38;2;20;22;25m1[38;2;19;21;25m01[38;2;32;33;37m1[38;2;60;61;65m1[38;2;92;94;96m0[38;2;146;147;149m0[38;2;170;171;173m1[38;2;143;144;146m0[38;2;71;73;76m1[38;2;54;55;59m0[38;2;18;20;24m11011011010100010110001
[38;2;18;20;24m0100010001001000111010[38;2;19;21;25m1[38;2;24;26;30m0[38;2;32;34;38m1[38;2;40;42;45m1[38;2;45;47;51m1[38;2;48;50;54m1[38;2;50;52;56m1[38;2;55;57;60m1[38;2;50;52;55m1[38;2;47;49;52m0[38;2;48;50;54m0[38;2;55;56;60m1[38;2;67;69;72m0[38;2;75;76;79m1[38;2;85;86;89m1[38;2;89;91;94m0[38;2;96;98;100m1[38;2;102;103;106m0[38;2;97;98;101m0[38;2;79;80;84m0[38;2;158;159;161m0[38;2;148;149;151m1[38;2;36;38;41m1[38;2;43;45;49m1[38;2;181;181;182m0[38;2;118;119;121m1[38;2;18;20;24m00111111111101000101000
[38;2;18;20;24m11011010100001110000110101001[38;2;19;21;25m0[38;2;21;23;27m0[38;2;29;31;35m0[38;2;33;35;39m0[38;2;32;34;38m1[38;2;25;26;30m0[38;2;20;22;26m1[38;2;19;21;25m0[38;2;18;20;24m1100[38;2;92;94;96m0[38;2;131;132;135m1[38;2;19;21;25m1[38;2;51;52;56m1[38;2;184;185;186m1[38;2;79;81;84m1[38;2;18;20;24m101110001111110100001000
[38;2;18;20;24m100010110100010100110100100011010011111[38;2;20;22;26m11[38;2;151;152;154m1[38;2;40;42;45m0[38;2;36;38;42m0[38;2;176;177;178m1[38;2;63;64;68m0[38;2;20;22;26m11[38;2;19;21;25m0[38;2;18;20;24m1001110010000001110010
[38;2;18;20;24m10010001111111110101010100101111110010[38;2;21;23;27m0[38;2;20;22;26m0[38;2;18;20;24m1[38;2;94;95;98m0[38;2;66;68;71m0[38;2;142;143;145m1[38;2;81;82;85m0[38;2;45;47;51m0[38;2;18;20;24m11[38;2;22;24;28m1[38;2;18;20;24m0111100110110000010001
[38;2;18;20;24m00101100001011101101011001110101001011[38;2;21;23;27m1[38;2;20;22;26m1[38;2;18;20;24m0[38;2;21;23;27m0[38;2;77;78;81m1[38;2;154;156;158m0[38;2;97;99;102m1[38;2;55;56;60m0[38;2;21;23;27m1[38;2;20;22;26m0[38;2;23;24;28m0[38;2;20;22;26m1[38;2;23;25;29m1[38;2;25;27;31m0[38;2;30;32;35m0[38;2;34;35;39m0[38;2;33;35;39m10[38;2;23;25;29m0[38;2;18;20;24m00110000100010
[38;2;18;20;24m110011000111001000111101010000010011101[38;2;20;22;26m0[38;2;22;24;28m0[38;2;59;60;64m0[38;2;64;66;69m0[38;2;36;38;42m1[38;2;34;36;39m1[38;2;39;41;45m1[38;2;45;46;50m1[38;2;51;52;56m0[38;2;34;35;39m1[38;2;21;23;27m0[38;2;20;22;26m1[38;2;19;21;25m101[38;2;21;23;27m0[38;2;24;26;30m0[38;2;47;48;52m0[38;2;57;59;62m1[38;2;19;21;25m0[38;2;18;20;24m000101010100
[38;2;18;20;24m0111011001001100010011111011000000111101[38;2;89;91;94m1[38;2;45;47;51m1[38;2;19;21;25m11[38;2;19;21;26m0[38;2;19;21;25m1[38;2;18;20;24m1[38;2;19;21;25m0[38;2;18;20;24m101010011[38;2;81;82;86m0[38;2;47;49;52m1[38;2;18;20;24m110011011110
[38;2;18;20;24m001101000010110101100010100010101000000[38;2;19;21;25m0[38;2;120;121;124m1[38;2;18;20;24m0110001100000110[38;2;107;108;111m0[38;2;43;45;48m0[38;2;18;20;24m100011011110
[38;2;18;20;24m0001111100011011111010100001110010010111[38;2;68;69;73m1[38;2;53;55;58m0[38;2;18;20;24m001100001001001[38;2;20;22;26m0[38;2;18;20;24m1001111100010
[38;2;18;20;24m00011001110110111011101000011110111101111011011111101110011001010000110
[38;2;18;20;24m00000111001000100111100110110110000101010001110100001010001100010110101
[38;2;18;20;24m00010010000010001101000110010110000001110100010101100000001000111100110
[38;2;18;20;24m01101110000010011000000101010010101000000110011000110101100000010111110
[0m
