[38;2;17;19;22m1000100110110010010010000011110011100011100000010101100101000010110001[38;2;18;20;24m1
[38;2;17;19;22m01010010010011101011010000101111011000100111010100100111100110010111000
[38;2;17;19;22m10011100101101100100010100101100111010111111110101010000110101010100001
[38;2;17;19;22m00110100011001100110100000000110100011110101111000111011011111010010110
[38;2;17;19;22m01001010111000001101011100100010011111011100110110011111001001111101000
[38;2;17;19;22m10000000011101111010110100100101111100001001111101000011111100101000111
[38;2;17;19;22m000111011010001001000101111011000[38;2;22;23;26m0[38;2;61;62;65m0[38;2;46;48;51m1[38;2;42;44;47m1[38;2;34;35;39m0[38;2;17;19;22m100100110101011111101110010000101
[38;2;17;19;22m0111100101111011010100001001110110[38;2;19;21;24m0[38;2;17;19;22m1[38;2;18;20;23m1[38;2;29;31;34m1[38;2;17;19;22m01110[38;2;18;20;23m1[38;2;39;41;44m0[38;2;108;109;111m0[38;2;91;92;95m1[38;2;18;20;23m1[38;2;17;19;22m11111100101001101000011
[38;2;17;19;22m1100111111011011011011101011000000100[38;2;17;20;23m1[38;2;17;19;22m00[38;2;18;20;23m1[38;2;35;37;40m1[38;2;72;74;76m0[38;2;131;132;134m1[38;2;180;180;182m0[38;2;158;159;160m0[38;2;159;159;161m0[38;2;87;88;91m1[38;2;17;19;22m11010111100101001110011
[38;2;17;19;22m11101001101101101101010[38;2;19;21;25m1[38;2;25;26;30m0[38;2;29;31;34m1[38;2;21;23;26m0[38;2;19;21;24m0111[38;2;20;22;25m01[38;2;21;23;26m10[38;2;24;26;29m1[38;2;43;45;48m0[38;2;70;72;74m1[38;2;90;91;94m0[38;2;98;100;102m0[38;2;105;106;109m0[38;2;154;155;156m0[38;2;176;177;179m0[38;2;62;63;66m0[38;2;33;35;38m0[38;2;141;142;143m0[38;2;160;161;162m1[38;2;45;47;50m1[38;2;17;19;22m10001101110010100101010
[38;2;17;19;22m0111011101001011101001011[38;2;18;20;23m0[38;2;28;30;33m0[38;2;34;35;39m1[38;2;37;39;42m0[38;2;45;47;50m0[38;2;46;47;51m0[38;2;50;52;55m1[38;2;56;58;61m1[38;2;59;60;63m0[38;2;61;62;65m1[38;2;64;66;69m0[38;2;51;52;55m1[38;2;31;32;35m0[38;2;18;20;23m1[38;2;17;19;22m0[38;2;72;74;76m1[38;2;132;132;135m1[38;2;22;23;27m1[38;2;30;32;35m0[38;2;160;161;163m1[38;2;105;105;108m1[38;2;19;21;24m0[38;2;17;19;22m101010100001110000100101
[38;2;17;19;22m1110100000000010010001000011000001101000[38;2;140;140;143m1[38;2;28;29;32m1[38;2;23;25;28m0[38;2;153;154;156m1[38;2;73;75;78m1[38;2;18;20;23m1[38;2;17;19;22m1011000111000110111101001
[38;2;17;19;22m1100000011111101000000110111111100010010[38;2;115;117;120m0[38;2;23;25;28m0[38;2;121;122;125m0[38;2;68;70;73m1[38;2;17;19;22m101011011100000010111011010
[38;2;17;19;22m0111111101001110001001010000100011010000[38;2;42;44;47m1[38;2;82;83;86m1[38;2;121;122;125m1[38;2;56;58;61m1[38;2;27;29;32m1[38;2;17;19;22m10010[38;2;18;21;24m1[38;2;20;22;25m0[38;2;22;23;26m1[38;2;21;23;26m0[38;2;17;19;23m1[38;2;17;19;22m1000101000101001
[38;2;17;19;22m1110010110110010101110001111101011010111[38;2;31;32;35m1[38;2;59;61;65m1[38;2;66;68;71m0[38;2;45;46;49m1[38;2;34;36;39m0[38;2;27;29;32m0[38;2;23;25;28m0[38;2;17;20;23m0[38;2;18;20;23m1[38;2;18;21;24m1[38;2;18;20;23m00[38;2;19;21;24m0[38;2;24;26;29m1[38;2;34;36;39m0[38;2;45;47;50m0[38;2;21;23;26m1[38;2;17;19;22m10000011101111
[38;2;17;19;22m011100001000000101101101010001110000100[38;2;64;65;68m0[38;2;54;55;58m1[38;2;18;20;23m0[38;2;17;19;22m0000000000110[38;2;22;24;27m1[38;2;77;78;81m0[38;2;19;21;24m1[38;2;17;19;22m0000110101101
[38;2;17;19;22m00000111010001101110010111101001000001[38;2;40;41;45m0[38;2;88;90;92m1[38;2;17;19;22m0100010011110111[38;2;104;106;108m0[38;2;26;28;31m0[38;2;17;19;22m0011100100100
[38;2;17;19;22m00111000011101101010011100111011011101[38;2;22;24;27m1[38;2;107;108;111m1[38;2;41;43;46m0[38;2;18;20;23m1[38;2;17;19;22m1010011001010[38;2;23;25;28m1[38;2;71;72;75m1[38;2;17;19;22m01011011100110
[38;2;17;19;22m001101110111100100100100001010000011001[38;2;25;27;30m1[38;2;68;69;72m1[38;2;25;27;30m0[38;2;17;19;22m10111000101100110100100100101
[38;2;17;19;22m00000011110000111000000000110100101100111000000101111011100000100010011
[38;2;17;19;22m00100100101010000001010100011000011000000101111011000100010111110100100
[38;2;17;19;22m11110101101110000100101010110110100101000010011111000010111111010101000
[0m
