[38;2;16;17;21m11111111100100110011101101100101111111101110101001111000100000010010000
[38;2;16;17;21m00010110101110111111110110100111000001011100000101010110010110101000100
[38;2;16;17;21m01010100110111001110001110001001010110111011000001011100110111001001010
[38;2;16;17;21m01011110101000110101010010010100111001111101001010010011011010011111101
[38;2;16;17;21m11011001000011110000010100011000110010100110100001011101000010111101110
[38;2;16;17;21m01000101111100000100001111001110100001011001100001110011100001110000010
[38;2;16;17;21m10000000000010010000101101011010[38;2;25;26;30m1[38;2;50;51;55m0[38;2;41;42;46m0[38;2;30;31;35m1[38;2;17;18;22m0[38;2;16;17;21m1001010011001011000010011001111100
[38;2;16;17;21m11101101011001011100111110111001[38;2;21;22;26m1[38;2;26;27;31m0[38;2;20;21;25m0[38;2;19;21;25m1[38;2;22;23;27m1[38;2;16;17;21m010111[38;2;20;21;24m0[38;2;49;50;53m0[38;2;121;121;124m1[38;2;136;138;139m0[38;2;30;31;35m0[38;2;16;17;21m10111011101101001111111
[38;2;16;17;21m00111101101000010011110001110101101001101[38;2;22;23;27m0[38;2;75;76;79m0[38;2;166;167;168m0[38;2;200;200;201m1[38;2;194;193;195m0[38;2;228;228;229m1[38;2;93;94;97m0[38;2;16;17;21m10110000110111000001001
[38;2;16;17;21m1111000100001010111000000110000111[38;2;17;18;22m0[38;2;19;20;24m1[38;2;21;22;26m1[38;2;28;29;33m0[38;2;62;63;66m0[38;2;91;92;95m0[38;2;124;124;128m1[38;2;177;177;178m1[38;2;102;102;105m0[38;2;52;53;57m1[38;2;100;100;103m0[38;2;176;176;178m1[38;2;75;76;79m1[38;2;20;21;25m1[38;2;16;17;21m01101101100001110111001
[38;2;16;17;21m1010101101110100011010001[38;2;18;19;23m1[38;2;21;22;26m0[38;2;25;26;30m1[38;2;30;31;35m0[38;2;34;35;39m0[38;2;39;39;43m0[38;2;41;41;45m0[38;2;48;49;53m0[38;2;56;57;60m1[38;2;57;58;62m0[38;2;61;62;66m0[38;2;67;68;71m1[38;2;65;66;69m0[38;2;39;40;44m1[38;2;52;53;56m0[38;2;129;130;132m0[38;2;32;33;37m1[38;2;21;22;26m0[38;2;118;119;121m1[38;2;132;133;135m1[38;2;24;25;29m1[38;2;16;17;21m1101111011111110110010110
[38;2;16;17;21m00100100000110101011100111010[38;2;17;18;22m00[38;2;16;17;21m01111011[38;2;122;123;125m1[38;2;28;29;32m0[38;2;19;20;24m0[38;2;121;122;124m1[38;2;91;92;95m0[38;2;17;19;22m1[38;2;16;17;21m01110110010100011111001011
[38;2;16;17;21m010101110111000101100000001101101100110[38;2;100;101;104m1[38;2;17;18;22m1[38;2;96;97;100m1[38;2;73;74;77m0[38;2;16;17;21m1101010101100110111001101011
[38;2;16;17;21m110100100111110101100011110100110100101[38;2;59;60;63m0[38;2;58;59;63m1[38;2;86;86;89m1[38;2;22;23;27m1[38;2;18;19;23m0[38;2;16;17;21m001011111110110100101111111
[38;2;16;17;21m011100111100011001100100111011010000011[38;2;19;20;24m1[38;2;67;67;71m0[38;2;64;65;69m1[38;2;34;35;39m0[38;2;18;19;23m0[38;2;16;17;21m111000[38;2;17;18;22m0[38;2;18;19;23m0[38;2;19;20;24m0[38;2;23;25;29m0[38;2;19;20;24m0[38;2;16;17;21m0101010000110000
[38;2;16;17;21m10000010001111010010000100100000110000[38;2;39;40;43m0[38;2;48;49;53m0[38;2;24;25;29m1[38;2;16;17;21m110110010011[38;2;17;18;22m1[38;2;39;39;43m0[38;2;42;43;46m0[38;2;16;17;21m111101110010000
[38;2;16;17;21m1100110011110100100000000101010000110[38;2;43;44;47m1[38;2;62;63;67m1[38;2;17;18;22m0[38;2;16;17;21m101010011001101[38;2;79;80;84m1[38;2;16;17;21m000110111101100
[38;2;16;17;21m1010111110011010000100100100001011111[38;2;59;59;63m1[38;2;67;68;71m0[38;2;17;18;22m1[38;2;16;17;21m10011001010101[38;2;36;37;41m1[38;2;92;93;96m1[38;2;16;17;21m110000001101000
[38;2;16;17;21m1001101101011111101001101010001100100[38;2;17;18;22m1[38;2;64;65;69m0[38;2;80;81;84m1[38;2;50;51;54m1[38;2;16;17;21m0100100101001[38;2;18;19;23m0[38;2;17;18;22m1[38;2;16;17;21m110100011101100
[38;2;16;17;21m011001101100111010100011010011101001000[38;2;23;24;27m1[38;2;29;30;34m1[38;2;16;17;21m000101101101110101111001010011
[38;2;16;17;21m10011110011111001001000101011010011111000101000111110101101111001001100
[38;2;16;17;21m10010101010100110010101000011001001100000101011010100110010000001111110
[0m
